CoutRGB 
214,173,148
CoutYUV 
173,111,148
CinRGB 
185,127,97
CoutYUV 
137,106,155
n_out 
137,106,155
After iterations 
CoutRGB 
214,173,148
CoutYUV 
173,111,148
CinRGB 
185,127,97
CoutYUV 
137,106,155
Lout 
[30159,10053],[30162,10054],[30165,10055],[30168,10056],[30171,10057],[30174,10058],[30177,10059],[30180,10060],[30183,10061],[30186,10062],[30189,10063],[30192,10064],[30195,10065],[30201,10067],[30204,10068],[30207,10069],[30210,10070],[30213,10071],[30216,10072],[30219,10073],[30222,10074],[30225,10075],[30228,10076],[30231,10077],[30234,10078],[30237,10079],[30240,10080],[30243,10081],[30246,10082],[30249,10083],[30252,10084],[30255,10085],[30258,10086],[30261,10087],[30264,10088],[30267,10089],[30270,10090],[30273,10091],[30276,10092],[30279,10093],[30282,10094],[30285,10095],[30288,10096],[30291,10097],[32073,10691],[32076,10692],[32079,10693],[32082,10694],[32085,10695],[32088,10696],[32091,10697],[32094,10698],[32097,10699],[32100,10700],[32103,10701],[32106,10702],[32244,10748],[32250,10750],[32253,10751],[32256,10752],[32259,10753],[32262,10754],[32265,10755],[32268,10756],[32271,10757],[32274,10758],[32277,10759],[33996,11332],[33999,11333],[34002,11334],[34005,11335],[34008,11336],[34011,11337],[34014,11338],[34017,11339],[34020,11340],[34230,11410],[34233,11411],[34236,11412],[34239,11413],[34242,11414],[34245,11415],[34248,11416],[34251,11417],[34254,11418],[35931,11977],[35934,11978],[35937,11979],[35940,11980],[35943,11981],[36207,12069],[36210,12070],[36213,12071],[36216,12072],[36219,12073],[36222,12074],[36225,12075],[37854,12618],[37857,12619],[37866,12622],[37869,12623],[37872,12624],[38178,12726],[38181,12727],[38184,12728],[38187,12729],[38190,12730],[38193,12731],[38196,12732],[39789,13263],[39792,13264],[39795,13265],[39798,13266],[39801,13267],[40149,13383],[40152,13384],[40155,13385],[40158,13386],[40161,13387],[41727,13909],[41730,13910],[41733,13911],[41736,13912],[42114,14038],[42117,14039],[42120,14040],[42123,14041],[42126,14042],[42129,14043],[44082,14694],[44085,14695],[44088,14696],[44091,14697],[46044,15348],[46047,15349],[46050,15350],[46053,15351],[46056,15352],[47532,15844],[48009,16003],[48012,16004],[48015,16005],[48018,16006],[49473,16491],[49476,16492],[49971,16657],[49974,16658],[49977,16659],[49980,16660],[51408,17136],[51411,17137],[51933,17311],[51936,17312],[51939,17313],[51942,17314],[53346,17782],[53349,17783],[53352,17784],[53355,17785],[53895,17965],[53898,17966],[53901,17967],[53904,17968],[55287,18429],[55290,18430],[55293,18431],[55857,18619],[55860,18620],[55863,18621],[57225,19075],[57228,19076],[57231,19077],[57234,19078],[57816,19272],[57819,19273],[57822,19274],[57825,19275],[59166,19722],[59169,19723],[59172,19724],[59778,19926],[59781,19927],[59784,19928],[61107,20369],[61113,20371],[61737,20579],[61740,20580],[61743,20581],[63048,21016],[63051,21017],[63054,21018],[64989,21663],[64992,21664],[64995,21665],[65658,21886],[65661,21887],[66930,22310],[66933,22311],[66936,22312],[67614,22538],[67620,22540],[68877,22959],[69573,23191],[69576,23192],[69579,23193],[71532,23844],[72756,24252],[72759,24253],[72762,24254],[73488,24496],[73491,24497],[74697,24899],[74700,24900],[74703,24901],[75453,25151],[76641,25547],[76644,25548],[77406,25802],[78582,26194],[78585,26195],[78588,26196],[80526,26842],[80529,26843],[81324,27108],[82470,27490],[82473,27491],[83277,27759],[83280,27760],[84411,28137],[84414,28138],[84417,28139],[85233,28411],[85236,28412],[85239,28413],[86355,28785],[86358,28786],[87192,29064],[87195,29065],[88299,29433],[88302,29434],[89148,29716],[89151,29717],[90243,30081],[90246,30082],[91104,30368],[91107,30369],[92187,30729],[92190,30730],[93060,31020],[93063,31021],[94131,31377],[94134,31378],[95016,31672],[95019,31673],[96075,32025],[96078,32026],[96972,32324],[96975,32325],[98019,32673],[98022,32674],[98928,32976],[98931,32977],[99963,33321],[99966,33322],[100884,33628],[100887,33629],[101907,33969],[101910,33970],[102840,34280],[102843,34281],[103851,34617],[103854,34618],[104796,34932],[104799,34933],[105795,35265],[105798,35266],[106752,35584],[106755,35585],[107739,35913],[107742,35914],[108708,36236],[108711,36237],[109683,36561],[109686,36562],[110664,36888],[110667,36889],[111627,37209],[111630,37210],[112620,37540],[112623,37541],[113574,37858],[114576,38192],[115518,38506],[115521,38507],[116529,38843],[116532,38844],[117462,39154],[117465,39155],[118485,39495],[118488,39496],[119406,39802],[119409,39803],[120441,40147],[120444,40148],[121353,40451],[122397,40799],[123297,41099],[123300,41100],[124350,41450],[124353,41451],[125241,41747],[126306,42102],[126309,42103],[127188,42396],[128262,42754],[130215,43405],[130218,43406],[132171,44057],[134124,44708],[134127,44709],[136080,45360],[138033,46011],[138036,46012],[139989,46663],[141942,47314],[141945,47315],[143898,47966],[145851,48617],[145854,48618],[147807,49269],[149760,49920],[151713,50571],[151716,50572],[153669,51223],[155622,51874],[157575,52525],[157578,52526],[158319,52773],[159531,53177],[160266,53422],[161484,53828],[162210,54070],[162213,54071],[163437,54479],[163440,54480],[164157,54719],[165393,55131],[166104,55368],[167346,55782],[169299,56433],[169995,56665],[171252,57084],[171255,57085],[171942,57314],[173208,57736],[173889,57963],[175161,58387],[177114,59038],[179067,59689],[181020,60340],[181023,60341],[182976,60992],[184929,61643],[190788,63596],[192741,64247],[194694,64898],[196650,65550],[197247,65749],[198603,66201],[199194,66398],[200556,66852],[201141,67047],[202509,67503],[204462,68154],[206415,68805],[208368,69456],[210321,70107],[210876,70292],[212274,70758],[212823,70941],[214227,71409],[214770,71590],[216180,72060],[216717,72239],[218133,72711],[218664,72888],[220086,73362],[220611,73537],[222039,74013],[222558,74186],[223992,74664],[225942,75314],[226455,75485],[227895,75965],[228402,76134],[229848,76616],[230349,76783],[231801,77267],[232296,77432],[233754,77918],[234243,78081],[235707,78569],[236190,78730],[237660,79220],[238137,79379],[239613,79871],[240084,80028],[241566,80522],[243516,81172],[243981,81327],[245469,81823],[245928,81976],[247422,82474],[247875,82625],[249375,83125],[249822,83274],[251328,83776],[251772,83924],[253278,84426],[253719,84573],[255231,85077],[255666,85222],[257184,85728],[257613,85871],[259137,86379],[259560,86520],[261090,87030],[261510,87170],[263040,87680],[263457,87819],[264993,88331],[265404,88468],[266946,88982],[267351,89117],[268899,89633],[269301,89767],[270849,90283],[271248,90416],[272802,90934],[273195,91065],[274755,91585],[275142,91714],[276708,92236],[277092,92364],[278658,92886],[279039,93013],[280611,93537],[280986,93662],[282564,94188],[282936,94312],[284514,94838],[284883,94961],[286467,95489],[286830,95610],[288420,96140],[288780,96260],[290370,96790],[290727,96909],[292323,97441],[292674,97558],[294276,98092],[294624,98208],[296226,98742],[296571,98857],[298179,99393],[298518,99506],[300132,100044],[300468,100156],[302082,100694],[302415,100805],[304035,101345],[304362,101454],[305988,101996],[306312,102104],[307938,102646],[308259,102753],[309891,103297],[310209,103403],[311841,103947],[312156,104052],[313794,104598],[314103,104701],[315747,105249],[316053,105351],[317697,105899],[318000,106000],[319650,106550],[319950,106650],[321600,107200],[321897,107299],[323553,107851],[323844,107948],[325506,108502],[325794,108598],[327456,109152],[327741,109247],[329409,109803],[329691,109897],[331359,110453],[331638,110546],[333312,111104],[333588,111196],[335262,111754],[335535,111845],[337215,112405],[337485,112495],[339165,113055],[339432,113144],[341118,113706],[341382,113794],[343068,114356],[343329,114443],[345021,115007],[345279,115093],[346971,115657],[347226,115742],[348924,116308],[349176,116392],[350874,116958],[351123,117041],[352827,117609],[353073,117691],[354777,118259],[355020,118340],[356730,118910],[356970,118990],[358680,119560],[358917,119639],[360633,120211],[360867,120289],[362583,120861],[362814,120938],[364536,121512],[364764,121588],[366486,122162],[366714,122238],[368436,122812],[368661,122887],[370389,123463],[370611,123537],[372339,124113],[372558,124186],[374292,124764],[374508,124836],[376242,125414],[376455,125485],[378195,126065],[378405,126135],[380145,126715],[380355,126785],[382095,127365],[382302,127434],[384048,128016],[384252,128084],[385998,128666],[386199,128733],[387951,129317],[388149,129383],[389901,129967],[390099,130033],[391851,130617],[392046,130682],[393804,131268],[393996,131332],[395754,131918],[395946,131982],[397704,132568],[397893,132631],[399657,133219],[399843,133281],[401607,133869],[401790,133930],[403560,134520],[403740,134580],[405510,135170],[405690,135230],[407460,135820],[407637,135879],[409413,136471],[409587,136529],[411363,137121],[411537,137179],[413313,137771],[413484,137828],[415266,138422],[415434,138478],[417216,139072],[417384,139128],[419166,139722],[419331,139777],[421119,140373],[421281,140427],[423069,141023],[423231,141077],[425019,141673],[425181,141727],[426969,142323],[427128,142376],[428922,142974],[429078,143026],[430872,143624],[431028,143676],[432822,144274],[432975,144325],[434775,144925],[434925,144975],[436725,145575],[436875,145625],[438675,146225],[438825,146275],[440625,146875],[440772,146924],[442578,147526],[442722,147574],[444528,148176],[444672,148224],[446478,148826],[446622,148874],[448428,149476],[448569,149523],[450381,150127],[450519,150173],[452331,150777],[452469,150823],[454281,151427],[454419,151473],[456231,152077],[456366,152122],[458184,152728],[458316,152772],[460134,153378],[460266,153422],[462084,154028],[462216,154072],[464034,154678],[464166,154722],[465984,155328],[466113,155371],[467937,155979],[468063,156021],[469887,156629],[470013,156671],[471837,157279],[471963,157321],[473787,157929],[473913,157971],[475737,158579],[475860,158620],[477690,159230],[477810,159270],[479640,159880],[479760,159920],[481590,160530],[481710,160570],[483540,161180],[483660,161220],[485490,161830],[485610,161870],[487440,162480],[487557,162519],[489393,163131],[489507,163169],[491343,163781],[491457,163819],[493293,164431],[493407,164469],[495243,165081],[495357,165119],[497193,165731],[497307,165769],[499143,166381],[499257,166419],[501093,167031],[501207,167069],[503043,167681],[503154,167718],[504996,168332],[505104,168368],[506946,168982],[507054,169018],[508896,169632],[509004,169668],[510846,170282],[510954,170318],[512796,170932],[512904,170968],[514746,171582],[514854,171618],[516696,172232],[516804,172268],[518646,172882],[518754,172918],[520596,173532],[520704,173568],[522546,174182],[522651,174217],[524499,174833],[524601,174867],[526449,175483],[526551,175517],[528399,176133],[528501,176167],[530349,176783],[530451,176817],[532299,177433],[532401,177467],[534249,178083],[534351,178117],[536199,178733],[536301,178767],[538149,179383],[538251,179417],[540099,180033],[540201,180067],[542049,180683],[542151,180717],[543999,181333],[544101,181367],[545949,181983],[546051,182017],[547899,182633],[548001,182667],[549849,183283],[549951,183317],[551799,183933],[551901,183967],[553749,184583],[553851,184617],[555699,185233],[555801,185267],[557649,185883],[557751,185917],[559599,186533],[559701,186567],[561549,187183],[561651,187217],[563499,187833],[563601,187867],[565449,188483],[565551,188517],[567399,189133],[567501,189167],[569349,189783],[569451,189817],[571299,190433],[571401,190467],[573249,191083],[573351,191117],[575199,191733],[575301,191767],[577149,192383],[577251,192417],[579099,193033],[579201,193067],[581049,193683],[581151,193717],[582999,194333],[583101,194367],[584949,194983],[585051,195017],[586899,195633],[587001,195667],[588849,196283],[588951,196317],[590799,196933],[590901,196967],[592749,197583],[592851,197617],[594699,198233],[594804,198268],[596646,198882],[596754,198918],[598596,199532],[598704,199568],[600546,200182],[600654,200218],[602496,200832],[602604,200868],[604446,201482],[604554,201518],[606396,202132],[606504,202168],[608346,202782],[608454,202818],[610296,203432],[610404,203468],[612246,204082],[612354,204118],[614196,204732],[614307,204769],[616143,205381],[616257,205419],[618093,206031],[618207,206069],[620043,206681],[620157,206719],[621993,207331],[622107,207369],[623943,207981],[624057,208019],[625893,208631],[626007,208669],[627843,209281],[627957,209319],[629793,209931],[629910,209970],[631740,210580],[631860,210620],[633690,211230],[633810,211270],[635640,211880],[635760,211920],[637590,212530],[637710,212570],[639540,213180],[639660,213220],[641490,213830],[641613,213871],[643437,214479],[643563,214521],[645387,215129],[645513,215171],[647337,215779],[647463,215821],[649287,216429],[649413,216471],[651237,217079],[651366,217122],[653184,217728],[653316,217772],[655134,218378],[655266,218422],[657084,219028],[657216,219072],[659034,219678],[659166,219722],[660984,220328],[661119,220373],[662931,220977],[663069,221023],[664881,221627],[665019,221673],[666831,222277],[666969,222323],[668781,222927],[668922,222974],[670728,223576],[670872,223624],[672678,224226],[672822,224274],[674628,224876],[674772,224924],[676578,225526],[676725,225575],[678525,226175],[678675,226225],[680475,226825],[680625,226875],[682425,227475],[682575,227525],[684375,228125],[684528,228176],[686322,228774],[686478,228826],[688272,229424],[688428,229476],[690222,230074],[690381,230127],[692169,230723],[692331,230777],[694119,231373],[694281,231427],[696069,232023],[696231,232077],[698019,232673],[698184,232728],[699966,233322],[700134,233378],[701916,233972],[702084,234028],[703866,234622],[704037,234679],[705813,235271],[705987,235329],[707763,235921],[707937,235979],[709713,236571],[709890,236630],[711660,237220],[711840,237280],[713610,237870],[713790,237930],[715560,238520],[715743,238581],[717507,239169],[717693,239231],[719457,239819],[719646,239882],[721404,240468],[721596,240532],[723354,241118],[723546,241182],[725304,241768],[725499,241833],[727251,242417],[727449,242483],[729201,243067],[729399,243133],[731151,243717],[731352,243784],[733098,244366],[733302,244434],[735048,245016],[735255,245085],[736995,245665],[737205,245735],[738945,246315],[739155,246385],[740895,246965],[741108,247036],[742842,247614],[743058,247686],[744792,248264],[745011,248337],[746739,248913],[746961,248987],[748689,249563],[748914,249638],[750636,250212],[750864,250288],[752586,250862],[752814,250938],[754536,251512],[754767,251589],[756483,252161],[756717,252239],[758433,252811],[758670,252890],[760380,253460],[760620,253540],[762330,254110],[762573,254191],[764277,254759],[764523,254841],[766227,255409],[766476,255492],[768174,256058],[768426,256142],[770124,256708],[770379,256793],[772071,257357],[772329,257443],[774021,258007],[774282,258094],[775968,258656],[776232,258744],[777918,259306],[778185,259395],[779865,259955],[780135,260045],[781815,260605],[782088,260696],[783762,261254],[784038,261346],[785712,261904],[785991,261997],[787659,262553],[787941,262647],[789609,263203],[789894,263298],[791556,263852],[791844,263948],[793506,264502],[793797,264599],[795453,265151],[795750,265250],[797400,265800],[797700,265900],[799350,266450],[799653,266551],[801297,267099],[801603,267201],[803247,267749],[803556,267852],[805194,268398],[805509,268503],[807141,269047],[807459,269153],[809091,269697],[809412,269804],[811038,270346],[811362,270454],[812988,270996],[813315,271105],[814935,271645],[815268,271756],[816882,272294],[817218,272406],[818832,272944],[819171,273057],[820779,273593],[821124,273708],[822726,274242],[823074,274358],[824676,274892],[825027,275009],[826623,275541],[826980,275660],[828570,276190],[828930,276310],[830520,276840],[830883,276961],[832467,277489],[832836,277612],[834414,278138],[834786,278262],[836364,278788],[836739,278913],[838311,279437],[838692,279564],[840258,280086],[840642,280214],[842208,280736],[842595,280865],[844155,281385],[844548,281516],[846102,282034],[846501,282167],[848049,282683],[848451,282817],[849999,283333],[850404,283468],[851946,283982],[852357,284119],[853893,284631],[854310,284770],[855840,285280],[856260,285420],[857790,285930],[858213,286071],[859737,286579],[860166,286722],[861684,287228],[862119,287373],[863631,287877],[864072,288024],[865578,288526],[866022,288674],[867528,289176],[867975,289325],[869475,289825],[869928,289976],[871422,290474],[871881,290627],[873369,291123],[873834,291278],[875316,291772],[875784,291928],[877266,292422],[877737,292579],[879213,293071],[879690,293230],[881160,293720],[881643,293881],[883107,294369],[883596,294532],[885054,295018],[885549,295183],[887001,295667],[887502,295834],[888948,296316],[889455,296485],[890895,296965],[891408,297136],[892842,297614],[893358,297786],[894792,298264],[895311,298437],[896739,298913],[897264,299088],[898686,299562],[899217,299739],[900633,300211],[901170,300390],[902580,300860],[903123,301041],[904527,301509],[905076,301692],[906474,302158],[907029,302343],[908421,302807],[908982,302994],[910368,303456],[910935,303645],[912315,304105],[912888,304296],[914262,304754],[914841,304947],[916209,305403],[916794,305598],[918156,306052],[918747,306249],[920103,306701],[920700,306900],[920703,306901],[922047,307349],[922050,307350],[922656,307552],[923994,307998],[924609,308203],[925941,308647],[926562,308854],[927888,309296],[928515,309505],[929835,309945],[930468,310156],[931782,310594],[932421,310807],[933729,311243],[934374,311458],[935676,311892],[936327,312109],[936330,312110],[937620,312540],[937623,312541],[938283,312761],[939567,313189],[940236,313412],[941514,313838],[942189,314063],[943461,314487],[944142,314714],[945408,315136],[946095,315365],[946098,315366],[947352,315784],[947355,315785],[948051,316017],[949299,316433],[950004,316668],[951246,317082],[951957,317319],[953193,317731],[953910,317970],[953913,317971],[955137,318379],[955140,318380],[955866,318622],[957084,319028],[957819,319273],[959031,319677],[959772,319924],[959775,319925],[960975,320325],[960978,320326],[961728,320576],[962922,320974],[963681,321227],[964869,321623],[965634,321878],[965637,321879],[966813,322271],[966816,322272],[967590,322530],[968760,322920],[969543,323181],[970707,323569],[971496,323832],[971499,323833],[972651,324217],[972654,324218],[973452,324484],[974598,324866],[975405,325135],[975408,325136],[976542,325514],[976545,325515],[977361,325787],[978489,326163],[979314,326438],[979317,326439],[980433,326811],[980436,326812],[981270,327090],[982380,327460],[983223,327741],[983226,327742],[984324,328108],[984327,328109],[985179,328393],[986271,328757],[987132,329044],[987135,329045],[988215,329405],[988218,329406],[989088,329696],[990162,330054],[991041,330347],[991044,330348],[992106,330702],[992109,330703],[992997,330999],[993000,331000],[994050,331350],[994053,331351],[994953,331651],[995997,331999],[996906,332302],[996909,332303],[997941,332647],[997944,332648],[998862,332954],[998865,332955],[999885,333295],[999888,333296],[1000818,333606],[1000821,333607],[1001829,333943],[1001832,333944],[1002774,334258],[1003776,334592],[1004727,334909],[1004730,334910],[1005720,335240],[1005723,335241],[1006683,335561],[1006686,335562],[1007664,335888],[1007667,335889],[1008639,336213],[1008642,336214],[1009608,336536],[1009611,336537],[1010595,336865],[1010598,336866],[1011552,337184],[1011555,337185],[1012551,337517],[1012554,337518],[1013496,337832],[1013499,337833],[1014507,338169],[1014510,338170],[1015440,338480],[1015443,338481],[1016463,338821],[1016466,338822],[1017384,339128],[1017387,339129],[1018419,339473],[1018422,339474],[1019328,339776],[1019331,339777],[1020375,340125],[1020378,340126],[1021272,340424],[1021275,340425],[1022331,340777],[1022334,340778],[1023216,341072],[1023219,341073],[1024287,341429],[1024290,341430],[1025160,341720],[1025163,341721],[1026243,342081],[1026246,342082],[1027104,342368],[1027107,342369],[1028199,342733],[1028202,342734],[1029048,343016],[1029051,343017],[1030155,343385],[1030158,343386],[1030992,343664],[1030995,343665],[1032111,344037],[1032114,344038],[1032117,344039],[1032933,344311],[1032936,344312],[1032939,344313],[1034070,344690],[1034073,344691],[1034877,344959],[1034880,344960],[1036026,345342],[1036029,345343],[1036821,345607],[1036824,345608],[1037982,345994],[1037985,345995],[1037988,345996],[1038762,346254],[1038765,346255],[1038768,346256],[1039941,346647],[1039944,346648],[1040706,346902],[1040709,346903],[1041897,347299],[1041900,347300],[1041903,347301],[1042647,347549],[1042650,347550],[1042653,347551],[1043856,347952],[1043859,347953],[1043862,347954],[1044588,348196],[1044591,348197],[1044594,348198],[1045815,348605],[1045818,348606],[1046532,348844],[1046535,348845],[1047771,349257],[1047774,349258],[1047777,349259],[1048473,349491],[1048476,349492],[1048479,349493],[1049730,349910],[1049733,349911],[1049736,349912],[1050414,350138],[1050417,350139],[1050420,350140],[1051689,350563],[1051692,350564],[1051695,350565],[1052355,350785],[1052358,350786],[1052361,350787],[1053648,351216],[1053651,351217],[1053654,351218],[1054296,351432],[1054299,351433],[1054302,351434],[1055607,351869],[1055610,351870],[1055613,351871],[1056237,352079],[1056240,352080],[1056243,352081],[1057566,352522],[1057569,352523],[1057572,352524],[1058178,352726],[1058181,352727],[1058184,352728],[1059525,353175],[1059528,353176],[1059531,353177],[1059534,353178],[1060116,353372],[1060119,353373],[1060122,353374],[1060125,353375],[1061487,353829],[1061490,353830],[1061493,353831],[1062057,354019],[1062060,354020],[1062063,354021],[1063446,354482],[1063449,354483],[1063452,354484],[1063455,354485],[1063995,354665],[1063998,354666],[1064001,354667],[1064004,354668],[1065408,355136],[1065411,355137],[1065414,355138],[1065417,355139],[1065933,355311],[1065936,355312],[1065939,355313],[1065942,355314],[1067370,355790],[1067373,355791],[1067376,355792],[1067379,355793],[1067871,355957],[1067874,355958],[1067877,355959],[1067880,355960],[1069332,356444],[1069335,356445],[1069338,356446],[1069341,356447],[1069809,356603],[1069812,356604],[1069815,356605],[1069818,356606],[1071294,357098],[1071297,357099],[1071300,357100],[1071303,357101],[1071306,357102],[1071744,357248],[1071747,357249],[1071750,357250],[1071753,357251],[1071756,357252],[1073259,357753],[1073262,357754],[1073265,357755],[1073268,357756],[1073682,357894],[1073685,357895],[1073688,357896],[1073691,357897],[1075221,358407],[1075224,358408],[1075227,358409],[1075230,358410],[1075233,358411],[1075236,358412],[1075614,358538],[1075617,358539],[1075620,358540],[1075623,358541],[1075626,358542],[1075629,358543],[1077189,359063],[1077192,359064],[1077195,359065],[1077198,359066],[1077201,359067],[1077549,359183],[1077552,359184],[1077555,359185],[1077558,359186],[1077561,359187],[1079154,359718],[1079157,359719],[1079160,359720],[1079163,359721],[1079166,359722],[1079169,359723],[1079172,359724],[1079478,359826],[1079481,359827],[1079484,359828],[1079487,359829],[1079490,359830],[1079493,359831],[1079496,359832],[1081125,360375],[1081128,360376],[1081131,360377],[1081134,360378],[1081137,360379],[1081140,360380],[1081143,360381],[1081407,360469],[1081410,360470],[1081413,360471],[1081416,360472],[1081419,360473],[1081422,360474],[1081425,360475],[1083096,361032],[1083099,361033],[1083102,361034],[1083105,361035],[1083108,361036],[1083111,361037],[1083114,361038],[1083117,361039],[1083120,361040],[1083330,361110],[1083333,361111],[1083336,361112],[1083339,361113],[1083342,361114],[1083345,361115],[1083348,361116],[1083351,361117],[1083354,361118],[1085073,361691],[1085076,361692],[1085079,361693],[1085082,361694],[1085085,361695],[1085088,361696],[1085091,361697],[1085094,361698],[1085097,361699],[1085100,361700],[1085103,361701],[1085106,361702],[1085244,361748],[1085247,361749],[1085250,361750],[1085253,361751],[1085256,361752],[1085259,361753],[1085262,361754],[1085265,361755],[1085268,361756],[1085271,361757],[1085274,361758],[1085277,361759],[1087059,362353],[1087062,362354],[1087065,362355],[1087068,362356],[1087071,362357],[1087074,362358],[1087077,362359],[1087080,362360],[1087083,362361],[1087086,362362],[1087089,362363],[1087092,362364],[1087095,362365],[1087098,362366],[1087101,362367],[1087104,362368],[1087107,362369],[1087110,362370],[1087113,362371],[1087116,362372],[1087119,362373],[1087122,362374],[1087125,362375],[1087128,362376],[1087131,362377],[1087134,362378],[1087137,362379],[1087140,362380],[1087143,362381],[1087146,362382],[1087149,362383],[1087152,362384],[1087155,362385],[1087158,362386],[1087161,362387],[1087164,362388],[1087167,362389],[1087170,362390],[1087173,362391],[1087176,362392],[1087179,362393],[1087182,362394],[1087185,362395],[1087188,362396],[1087191,362397],[33972,11324],[32025,10675],[32028,10676],[33960,11320],[37821,12607],[37824,12608],[39759,13253],[39762,13254],[39765,13255],[39768,13256],[41694,13898],[41697,13899],[41700,13900],[41703,13901],[41706,13902],[45579,15193],[43632,14544],[43635,14545],[43638,14546],[43641,14547],[45570,15190],[47514,15838],[47517,15839],[57210,19070],[61095,20365],[59148,19716],[59796,19932],[59799,19933],[61755,20585],[68862,22954],[66915,22305],[66918,22306],[69588,23196],[67635,22545],[71547,23849],[71550,23850],[73506,24502],[71553,23851],[75462,25154],[75465,25155],[75468,25156],[77421,25807],[123288,41096],[121341,40447],[125232,41744],[125235,41745],[127179,42393],[129123,43041],[129126,43042],[131070,43690],[133014,44338],[133017,44339],[136908,45636],[134961,44987],[138852,46284],[140796,46932],[140799,46933],[142743,47581],[144690,48230],[146634,48878],[146637,48879],[148581,49527],[150528,50176],[152475,50825],[164151,54717],[166098,55366],[171936,57312],[173883,57961],[175827,58609],[175830,58610],[177774,59258],[179721,59907],[181668,60556],[182982,60994],[183615,61205],[184935,61645],[185562,61854],[188841,62947],[186888,62296],[189456,63152],[187509,62503],[192747,64249],[199188,66396],[201135,67045],[203082,67694],[206976,68992],[205029,68343],[242031,80677],[224505,74835],[208926,69642],[195297,65099],[194700,64900],[193353,64451],[193350,64450],[191406,63802],[168045,56015],[156369,52123],[154422,51474],[138858,46286],[138855,46285],[123294,41098],[79374,26458],[75459,25153],[71544,23848],[71538,23846],[70812,23604],[69582,23194],[66924,22308],[66921,22307],[65667,21889],[63708,21236],[61752,20584],[61101,20367],[59163,19721],[59157,19719],[49461,16487],[47529,15843],[47523,15841],[39777,13259],[35922,11974],[35913,11971],[35907,11969],[33981,11327],[30297,10099],[28248,9416], 
 Lout 
[32112,9416],[32115,9416],[32118,9416],[32121,9416],[32124,9416],[32127,9416],[32130,9416],[32133,9416],[32136,9416],[32139,9416],[32142,9416],[32145,9416],[32151,9416],[32154,9416],[32157,9416],[32160,9416],[32163,9416],[32166,9416],[32169,9416],[32172,9416],[32175,9416],[32178,9416],[32181,9416],[32184,9416],[32187,9416],[32190,9416],[32193,9416],[32196,9416],[32199,9416],[32202,9416],[32205,9416],[32208,9416],[32211,9416],[32214,9416],[32217,9416],[32220,9416],[32223,9416],[32226,9416],[32229,9416],[32232,9416],[32235,9416],[32238,9416],[34026,9416],[34029,9416],[34032,9416],[34035,9416],[34038,9416],[34041,9416],[34044,9416],[34047,9416],[34050,9416],[34053,9416],[34056,9416],[32109,9416],[34194,9416],[32241,9416],[34200,9416],[34203,9416],[34206,9416],[34209,9416],[34212,9416],[34215,9416],[34218,9416],[34221,9416],[34224,9416],[35949,9416],[35952,9416],[35955,9416],[35958,9416],[35961,9416],[35964,9416],[35967,9416],[35970,9416],[34023,9416],[36180,9416],[34227,9416],[36183,9416],[36186,9416],[36189,9416],[36192,9416],[36195,9416],[36198,9416],[36201,9416],[37881,9416],[35928,9416],[37884,9416],[37887,9416],[37890,9416],[37893,9416],[35946,9416],[38157,9416],[36204,9416],[38160,9416],[38163,9416],[38166,9416],[38169,9416],[38172,9416],[39807,9416],[37860,9416],[39816,9416],[39819,9416],[39822,9416],[37875,9416],[40128,9416],[38175,9416],[40131,9416],[40134,9416],[40137,9416],[40140,9416],[40143,9416],[41742,9416],[41745,9416],[41748,9416],[41751,9416],[39804,9416],[42099,9416],[40146,9416],[42102,9416],[42105,9416],[42108,9416],[43677,9416],[41724,9416],[43680,9416],[43683,9416],[43686,9416],[41739,9416],[44064,9416],[42111,9416],[44067,9416],[44070,9416],[44073,9416],[44076,9416],[46032,9416],[44079,9416],[46035,9416],[46038,9416],[47994,9416],[46041,9416],[47997,9416],[48000,9416],[48003,9416],[49482,9416],[47535,9416],[49959,9416],[48006,9416],[49962,9416],[49965,9416],[51423,9416],[49470,9416],[51426,9416],[51921,9416],[49968,9416],[51924,9416],[51927,9416],[53361,9416],[51414,9416],[53883,9416],[51930,9416],[53886,9416],[53889,9416],[55299,9416],[55302,9416],[55305,9416],[53358,9416],[55845,9416],[53892,9416],[55848,9416],[55851,9416],[57240,9416],[57243,9416],[55296,9416],[57807,9416],[55854,9416],[57810,9416],[59178,9416],[59181,9416],[59184,9416],[57237,9416],[59766,9416],[57813,9416],[59769,9416],[59772,9416],[61119,9416],[61122,9416],[59175,9416],[61728,9416],[59775,9416],[61731,9416],[63063,9416],[61116,9416],[61110,9416],[63687,9416],[61734,9416],[63690,9416],[63693,9416],[65001,9416],[65004,9416],[63057,9416],[66942,9416],[66945,9416],[64998,9416],[67608,9416],[65655,9416],[68883,9416],[68886,9416],[66939,9416],[69564,9416],[67611,9416],[70827,9416],[68880,9416],[71523,9416],[69570,9416],[71526,9416],[73482,9416],[71529,9416],[74709,9416],[74712,9416],[72765,9416],[75438,9416],[73485,9416],[75441,9416],[76650,9416],[76653,9416],[74706,9416],[75450,9416],[78594,9416],[76647,9416],[79356,9416],[77403,9416],[80535,9416],[80538,9416],[78591,9416],[82479,9416],[80532,9416],[81321,9416],[84423,9416],[82476,9416],[85227,9416],[83274,9416],[86364,9416],[86367,9416],[84420,9416],[87183,9416],[85230,9416],[87186,9416],[88308,9416],[86361,9416],[89142,9416],[87189,9416],[90252,9416],[88305,9416],[91098,9416],[89145,9416],[92196,9416],[90249,9416],[93054,9416],[91101,9416],[94140,9416],[92193,9416],[95010,9416],[93057,9416],[96084,9416],[94137,9416],[96966,9416],[95013,9416],[98028,9416],[96081,9416],[98922,9416],[96969,9416],[99972,9416],[98025,9416],[100878,9416],[98925,9416],[101916,9416],[99969,9416],[102834,9416],[100881,9416],[103860,9416],[101913,9416],[104790,9416],[102837,9416],[105804,9416],[103857,9416],[106746,9416],[104793,9416],[107748,9416],[105801,9416],[108702,9416],[106749,9416],[109692,9416],[107745,9416],[110658,9416],[108705,9416],[111636,9416],[109689,9416],[112614,9416],[110661,9416],[113580,9416],[111633,9416],[114570,9416],[112617,9416],[113577,9416],[114573,9416],[117471,9416],[115524,9416],[118479,9416],[116526,9416],[119415,9416],[117468,9416],[120435,9416],[118482,9416],[121359,9416],[119412,9416],[122391,9416],[120438,9416],[121356,9416],[122394,9416],[125247,9416],[125250,9416],[123303,9416],[126300,9416],[124347,9416],[128256,9416],[126303,9416],[129138,9416],[127191,9416],[128259,9416],[132165,9416],[130212,9416],[132168,9416],[136074,9416],[134121,9416],[136077,9416],[139983,9416],[138030,9416],[139986,9416],[143892,9416],[141939,9416],[143895,9416],[147801,9416],[145848,9416],[147804,9416],[149757,9416],[153663,9416],[151710,9416],[153666,9416],[155619,9416],[159525,9416],[157572,9416],[158322,9416],[159528,9416],[160269,9416],[161481,9416],[164163,9416],[162216,9416],[165387,9416],[163434,9416],[164160,9416],[165390,9416],[168054,9416],[166107,9416],[167343,9416],[169296,9416],[169998,9416],[173202,9416],[171249,9416],[171945,9416],[173205,9416],[175839,9416],[173892,9416],[175158,9416],[177111,9416],[179064,9416],[182970,9416],[181017,9416],[182973,9416],[186879,9416],[184926,9416],[190785,9416],[192738,9416],[196644,9416],[194691,9416],[196647,9416],[197250,9416],[198600,9416],[199197,9416],[200553,9416],[203091,9416],[201144,9416],[202506,9416],[204459,9416],[206412,9416],[208365,9416],[210318,9416],[210879,9416],[212271,9416],[212826,9416],[214224,9416],[214773,9416],[216177,9416],[216720,9416],[218130,9416],[218667,9416],[220083,9416],[220614,9416],[222036,9416],[222561,9416],[223989,9416],[225939,9416],[226458,9416],[227892,9416],[228405,9416],[229845,9416],[230352,9416],[231798,9416],[232299,9416],[233751,9416],[234246,9416],[235704,9416],[236193,9416],[237657,9416],[238140,9416],[239610,9416],[240087,9416],[241563,9416],[243513,9416],[243984,9416],[245466,9416],[245931,9416],[247419,9416],[247878,9416],[249372,9416],[249825,9416],[251325,9416],[251775,9416],[253275,9416],[253722,9416],[255228,9416],[255669,9416],[257181,9416],[257616,9416],[259134,9416],[259563,9416],[261087,9416],[261513,9416],[263037,9416],[263460,9416],[264990,9416],[265407,9416],[266943,9416],[267354,9416],[268896,9416],[269304,9416],[270846,9416],[271251,9416],[272799,9416],[273198,9416],[274752,9416],[275145,9416],[276705,9416],[277095,9416],[278655,9416],[279042,9416],[280608,9416],[280989,9416],[282561,9416],[282939,9416],[284511,9416],[284886,9416],[286464,9416],[286833,9416],[288417,9416],[288783,9416],[290367,9416],[290730,9416],[292320,9416],[292677,9416],[294273,9416],[294627,9416],[296223,9416],[296574,9416],[298176,9416],[298521,9416],[300129,9416],[300471,9416],[302079,9416],[302418,9416],[304032,9416],[304365,9416],[305985,9416],[306315,9416],[307935,9416],[308262,9416],[309888,9416],[310212,9416],[311838,9416],[312159,9416],[313791,9416],[314106,9416],[315744,9416],[316056,9416],[317694,9416],[318003,9416],[319647,9416],[319953,9416],[321597,9416],[321900,9416],[323550,9416],[323847,9416],[325503,9416],[325797,9416],[327453,9416],[327744,9416],[329406,9416],[329694,9416],[331356,9416],[331641,9416],[333309,9416],[333591,9416],[335259,9416],[335538,9416],[337212,9416],[337488,9416],[339162,9416],[339435,9416],[341115,9416],[341385,9416],[343065,9416],[343332,9416],[345018,9416],[345282,9416],[346968,9416],[347229,9416],[348921,9416],[349179,9416],[350871,9416],[351126,9416],[352824,9416],[353076,9416],[354774,9416],[355023,9416],[356727,9416],[356973,9416],[358677,9416],[358920,9416],[360630,9416],[360870,9416],[362580,9416],[362817,9416],[364533,9416],[364767,9416],[366483,9416],[366717,9416],[368433,9416],[368664,9416],[370386,9416],[370614,9416],[372336,9416],[372561,9416],[374289,9416],[374511,9416],[376239,9416],[376458,9416],[378192,9416],[378408,9416],[380142,9416],[380358,9416],[382092,9416],[382305,9416],[384045,9416],[384255,9416],[385995,9416],[386202,9416],[387948,9416],[388152,9416],[389898,9416],[390102,9416],[391848,9416],[392049,9416],[393801,9416],[393999,9416],[395751,9416],[395949,9416],[397701,9416],[397896,9416],[399654,9416],[399846,9416],[401604,9416],[401793,9416],[403557,9416],[403743,9416],[405507,9416],[405693,9416],[407457,9416],[407640,9416],[409410,9416],[409590,9416],[411360,9416],[411540,9416],[413310,9416],[413487,9416],[415263,9416],[415437,9416],[417213,9416],[417387,9416],[419163,9416],[419334,9416],[421116,9416],[421284,9416],[423066,9416],[423234,9416],[425016,9416],[425184,9416],[426966,9416],[427131,9416],[428919,9416],[429081,9416],[430869,9416],[431031,9416],[432819,9416],[432978,9416],[434772,9416],[434928,9416],[436722,9416],[436878,9416],[438672,9416],[438828,9416],[440622,9416],[440775,9416],[442575,9416],[442725,9416],[444525,9416],[444675,9416],[446475,9416],[446625,9416],[448425,9416],[448572,9416],[450378,9416],[450522,9416],[452328,9416],[452472,9416],[454278,9416],[454422,9416],[456228,9416],[456369,9416],[458181,9416],[458319,9416],[460131,9416],[460269,9416],[462081,9416],[462219,9416],[464031,9416],[464169,9416],[465981,9416],[466116,9416],[467934,9416],[468066,9416],[469884,9416],[470016,9416],[471834,9416],[471966,9416],[473784,9416],[473916,9416],[475734,9416],[475863,9416],[477687,9416],[477813,9416],[479637,9416],[479763,9416],[481587,9416],[481713,9416],[483537,9416],[483663,9416],[485487,9416],[485613,9416],[487437,9416],[487560,9416],[489390,9416],[489510,9416],[491340,9416],[491460,9416],[493290,9416],[493410,9416],[495240,9416],[495360,9416],[497190,9416],[497310,9416],[499140,9416],[499260,9416],[501090,9416],[501210,9416],[503040,9416],[503157,9416],[504993,9416],[505107,9416],[506943,9416],[507057,9416],[508893,9416],[509007,9416],[510843,9416],[510957,9416],[512793,9416],[512907,9416],[514743,9416],[514857,9416],[516693,9416],[516807,9416],[518643,9416],[518757,9416],[520593,9416],[520707,9416],[522543,9416],[522654,9416],[524496,9416],[524604,9416],[526446,9416],[526554,9416],[528396,9416],[528504,9416],[530346,9416],[530454,9416],[532296,9416],[532404,9416],[534246,9416],[534354,9416],[536196,9416],[536304,9416],[538146,9416],[538254,9416],[540096,9416],[540204,9416],[542046,9416],[542154,9416],[543996,9416],[544104,9416],[545946,9416],[546054,9416],[547896,9416],[548004,9416],[549846,9416],[549954,9416],[551796,9416],[551904,9416],[553746,9416],[553854,9416],[555696,9416],[555804,9416],[557646,9416],[557754,9416],[559596,9416],[559704,9416],[561546,9416],[561654,9416],[563496,9416],[563604,9416],[565446,9416],[565554,9416],[567396,9416],[567504,9416],[569346,9416],[569454,9416],[571296,9416],[571404,9416],[573246,9416],[573354,9416],[575196,9416],[575304,9416],[577146,9416],[577254,9416],[579096,9416],[579204,9416],[581046,9416],[581154,9416],[582996,9416],[583104,9416],[584946,9416],[585054,9416],[586896,9416],[587004,9416],[588846,9416],[588954,9416],[590796,9416],[590904,9416],[592746,9416],[594807,9416],[592854,9416],[596643,9416],[594696,9416],[596757,9416],[598593,9416],[598707,9416],[600543,9416],[600657,9416],[602493,9416],[602607,9416],[604443,9416],[604557,9416],[606393,9416],[606507,9416],[608343,9416],[608457,9416],[610293,9416],[610407,9416],[612243,9416],[614310,9416],[612357,9416],[616140,9416],[614193,9416],[616260,9416],[618090,9416],[618210,9416],[620040,9416],[620160,9416],[621990,9416],[622110,9416],[623940,9416],[624060,9416],[625890,9416],[626010,9416],[627840,9416],[629913,9416],[627960,9416],[631737,9416],[629790,9416],[631863,9416],[633687,9416],[633813,9416],[635637,9416],[635763,9416],[637587,9416],[637713,9416],[639537,9416],[641616,9416],[639663,9416],[643434,9416],[641487,9416],[643566,9416],[645384,9416],[645516,9416],[647334,9416],[647466,9416],[649284,9416],[651369,9416],[649416,9416],[653181,9416],[651234,9416],[653319,9416],[655131,9416],[655269,9416],[657081,9416],[657219,9416],[659031,9416],[661122,9416],[659169,9416],[662928,9416],[660981,9416],[663072,9416],[664878,9416],[665022,9416],[666828,9416],[668925,9416],[666972,9416],[670725,9416],[668778,9416],[670875,9416],[672675,9416],[672825,9416],[674625,9416],[676728,9416],[674775,9416],[678522,9416],[676575,9416],[678678,9416],[680472,9416],[680628,9416],[682422,9416],[684531,9416],[682578,9416],[686319,9416],[684372,9416],[686481,9416],[688269,9416],[690384,9416],[688431,9416],[692166,9416],[690219,9416],[692334,9416],[694116,9416],[694284,9416],[696066,9416],[698187,9416],[696234,9416],[699963,9416],[698016,9416],[700137,9416],[701913,9416],[704040,9416],[702087,9416],[705810,9416],[703863,9416],[705990,9416],[707760,9416],[709893,9416],[707940,9416],[711657,9416],[709710,9416],[711843,9416],[713607,9416],[715746,9416],[713793,9416],[717504,9416],[715557,9416],[719649,9416],[717696,9416],[721401,9416],[719454,9416],[721599,9416],[723351,9416],[725502,9416],[723549,9416],[727248,9416],[725301,9416],[727452,9416],[729198,9416],[731355,9416],[729402,9416],[733095,9416],[731148,9416],[735258,9416],[733305,9416],[736992,9416],[735045,9416],[737208,9416],[738942,9416],[741111,9416],[739158,9416],[742839,9416],[740892,9416],[745014,9416],[743061,9416],[746736,9416],[744789,9416],[748917,9416],[746964,9416],[750633,9416],[748686,9416],[750867,9416],[752583,9416],[754770,9416],[752817,9416],[756480,9416],[754533,9416],[758673,9416],[756720,9416],[760377,9416],[758430,9416],[762576,9416],[760623,9416],[764274,9416],[762327,9416],[766479,9416],[764526,9416],[768171,9416],[766224,9416],[770382,9416],[768429,9416],[772068,9416],[770121,9416],[774285,9416],[772332,9416],[775965,9416],[774018,9416],[778188,9416],[776235,9416],[779862,9416],[777915,9416],[782091,9416],[780138,9416],[783759,9416],[781812,9416],[785994,9416],[784041,9416],[787656,9416],[785709,9416],[789897,9416],[787944,9416],[791553,9416],[789606,9416],[791847,9416],[793503,9416],[795753,9416],[793800,9416],[797397,9416],[795450,9416],[799656,9416],[797703,9416],[801294,9416],[799347,9416],[801606,9416],[803244,9416],[805512,9416],[803559,9416],[807138,9416],[805191,9416],[809415,9416],[807462,9416],[811035,9416],[809088,9416],[811365,9416],[812985,9416],[815271,9416],[813318,9416],[816879,9416],[814932,9416],[817221,9416],[818829,9416],[821127,9416],[819174,9416],[822723,9416],[820776,9416],[823077,9416],[824673,9416],[826983,9416],[825030,9416],[828567,9416],[826620,9416],[828933,9416],[830517,9416],[832839,9416],[830886,9416],[834411,9416],[832464,9416],[834789,9416],[836361,9416],[838695,9416],[836742,9416],[840255,9416],[838308,9416],[840645,9416],[842205,9416],[842598,9416],[844152,9416],[846504,9416],[844551,9416],[848046,9416],[846099,9416],[848454,9416],[849996,9416],[850407,9416],[851943,9416],[854313,9416],[852360,9416],[855837,9416],[853890,9416],[856263,9416],[857787,9416],[858216,9416],[859734,9416],[860169,9416],[861681,9416],[864075,9416],[862122,9416],[865575,9416],[863628,9416],[866025,9416],[867525,9416],[867978,9416],[869472,9416],[869931,9416],[871419,9416],[873837,9416],[871884,9416],[875313,9416],[873366,9416],[875787,9416],[877263,9416],[877740,9416],[879210,9416],[879693,9416],[881157,9416],[881646,9416],[883104,9416],[883599,9416],[885051,9416],[885552,9416],[886998,9416],[887505,9416],[888945,9416],[891411,9416],[889458,9416],[892839,9416],[890892,9416],[893361,9416],[894789,9416],[895314,9416],[896736,9416],[897267,9416],[898683,9416],[899220,9416],[900630,9416],[901173,9416],[902577,9416],[903126,9416],[904524,9416],[905079,9416],[906471,9416],[907032,9416],[908418,9416],[908985,9416],[910365,9416],[910938,9416],[912312,9416],[912891,9416],[914259,9416],[914844,9416],[916206,9416],[916797,9416],[918153,9416],[918750,9416],[918753,9416],[920097,9416],[920100,9416],[920706,9416],[922044,9416],[922659,9416],[923991,9416],[924612,9416],[925938,9416],[926565,9416],[927885,9416],[928518,9416],[929832,9416],[930471,9416],[931779,9416],[932424,9416],[933726,9416],[934377,9416],[934380,9416],[935670,9416],[935673,9416],[936333,9416],[937617,9416],[938286,9416],[939564,9416],[940239,9416],[941511,9416],[942192,9416],[943458,9416],[944145,9416],[944148,9416],[945402,9416],[945405,9416],[946101,9416],[947349,9416],[948054,9416],[949296,9416],[950007,9416],[951243,9416],[951960,9416],[951963,9416],[953187,9416],[953190,9416],[953916,9416],[955134,9416],[955869,9416],[957081,9416],[957822,9416],[957825,9416],[959025,9416],[959028,9416],[959778,9416],[960972,9416],[961731,9416],[962919,9416],[963684,9416],[963687,9416],[964863,9416],[964866,9416],[965640,9416],[966810,9416],[967593,9416],[968757,9416],[969546,9416],[969549,9416],[970701,9416],[970704,9416],[971502,9416],[972648,9416],[973455,9416],[973458,9416],[974592,9416],[974595,9416],[975411,9416],[976539,9416],[977364,9416],[977367,9416],[978483,9416],[978486,9416],[979320,9416],[980430,9416],[981273,9416],[981276,9416],[982374,9416],[982377,9416],[983229,9416],[984321,9416],[985182,9416],[985185,9416],[986265,9416],[986268,9416],[987138,9416],[988212,9416],[989091,9416],[989094,9416],[990156,9416],[990159,9416],[991047,9416],[991050,9416],[992100,9416],[992103,9416],[993003,9416],[994047,9416],[994956,9416],[994959,9416],[995991,9416],[995994,9416],[996912,9416],[996915,9416],[997935,9416],[997938,9416],[998868,9416],[998871,9416],[999879,9416],[999882,9416],[1000824,9416],[1001826,9416],[1002777,9416],[1002780,9416],[1003770,9416],[1003773,9416],[1004733,9416],[1004736,9416],[1005714,9416],[1005717,9416],[1006689,9416],[1006692,9416],[1007658,9416],[1007661,9416],[1008645,9416],[1008648,9416],[1009602,9416],[1009605,9416],[1010601,9416],[1010604,9416],[1011546,9416],[1011549,9416],[1012557,9416],[1012560,9416],[1013490,9416],[1013493,9416],[1014513,9416],[1014516,9416],[1015434,9416],[1015437,9416],[1016469,9416],[1016472,9416],[1017378,9416],[1017381,9416],[1018425,9416],[1018428,9416],[1019322,9416],[1019325,9416],[1020381,9416],[1020384,9416],[1021266,9416],[1021269,9416],[1022337,9416],[1022340,9416],[1023210,9416],[1023213,9416],[1024293,9416],[1024296,9416],[1025154,9416],[1025157,9416],[1026249,9416],[1026252,9416],[1027098,9416],[1027101,9416],[1028205,9416],[1028208,9416],[1029042,9416],[1029045,9416],[1030161,9416],[1030164,9416],[1030167,9416],[1030983,9416],[1030986,9416],[1030989,9416],[1032120,9416],[1032123,9416],[1032927,9416],[1032930,9416],[1034076,9416],[1034079,9416],[1034871,9416],[1034874,9416],[1036032,9416],[1036035,9416],[1036038,9416],[1036812,9416],[1036815,9416],[1036818,9416],[1037991,9416],[1037994,9416],[1038756,9416],[1038759,9416],[1039947,9416],[1039950,9416],[1039953,9416],[1040697,9416],[1040700,9416],[1040703,9416],[1041906,9416],[1041909,9416],[1041912,9416],[1042638,9416],[1042641,9416],[1042644,9416],[1043865,9416],[1043868,9416],[1044582,9416],[1044585,9416],[1045821,9416],[1045824,9416],[1045827,9416],[1046523,9416],[1046526,9416],[1046529,9416],[1047780,9416],[1047783,9416],[1047786,9416],[1048464,9416],[1048467,9416],[1048470,9416],[1049739,9416],[1049742,9416],[1049745,9416],[1050405,9416],[1050408,9416],[1050411,9416],[1051698,9416],[1051701,9416],[1051704,9416],[1052346,9416],[1052349,9416],[1052352,9416],[1053657,9416],[1053660,9416],[1053663,9416],[1054287,9416],[1054290,9416],[1054293,9416],[1055616,9416],[1055619,9416],[1055622,9416],[1056228,9416],[1056231,9416],[1056234,9416],[1057575,9416],[1057578,9416],[1057581,9416],[1057584,9416],[1058166,9416],[1058169,9416],[1058172,9416],[1058175,9416],[1059537,9416],[1059540,9416],[1059543,9416],[1060107,9416],[1060110,9416],[1060113,9416],[1061496,9416],[1061499,9416],[1061502,9416],[1061505,9416],[1062045,9416],[1062048,9416],[1062051,9416],[1062054,9416],[1063458,9416],[1063461,9416],[1063464,9416],[1063467,9416],[1063983,9416],[1063986,9416],[1063989,9416],[1063992,9416],[1065420,9416],[1065423,9416],[1065426,9416],[1065429,9416],[1065921,9416],[1065924,9416],[1065927,9416],[1065930,9416],[1067382,9416],[1067385,9416],[1067388,9416],[1067391,9416],[1067859,9416],[1067862,9416],[1067865,9416],[1067868,9416],[1069344,9416],[1069347,9416],[1069350,9416],[1069353,9416],[1069356,9416],[1069794,9416],[1069797,9416],[1069800,9416],[1069803,9416],[1069806,9416],[1071309,9416],[1071312,9416],[1071315,9416],[1071318,9416],[1071732,9416],[1071735,9416],[1071738,9416],[1071741,9416],[1073271,9416],[1073274,9416],[1073277,9416],[1073280,9416],[1073283,9416],[1073286,9416],[1073664,9416],[1073667,9416],[1073670,9416],[1073673,9416],[1073676,9416],[1073679,9416],[1075239,9416],[1075242,9416],[1075245,9416],[1075248,9416],[1075251,9416],[1075599,9416],[1075602,9416],[1075605,9416],[1075608,9416],[1075611,9416],[1077204,9416],[1077207,9416],[1077210,9416],[1077213,9416],[1077216,9416],[1077219,9416],[1077222,9416],[1077528,9416],[1077531,9416],[1077534,9416],[1077537,9416],[1077540,9416],[1077543,9416],[1077546,9416],[1079175,9416],[1079178,9416],[1079181,9416],[1079184,9416],[1079187,9416],[1079190,9416],[1079193,9416],[1079457,9416],[1079460,9416],[1079463,9416],[1079466,9416],[1079469,9416],[1079472,9416],[1079475,9416],[1081146,9416],[1081149,9416],[1081152,9416],[1081155,9416],[1081158,9416],[1081161,9416],[1081164,9416],[1081167,9416],[1081170,9416],[1081380,9416],[1081383,9416],[1081386,9416],[1081389,9416],[1081392,9416],[1081395,9416],[1081398,9416],[1081401,9416],[1081404,9416],[1083123,9416],[1083126,9416],[1083129,9416],[1083132,9416],[1083135,9416],[1083138,9416],[1083141,9416],[1083144,9416],[1083147,9416],[1083150,9416],[1083153,9416],[1083156,9416],[1083294,9416],[1083297,9416],[1083300,9416],[1083303,9416],[1083306,9416],[1083309,9416],[1083312,9416],[1083315,9416],[1083318,9416],[1083321,9416],[1083324,9416],[1083327,9416],[1085109,9416],[1085112,9416],[1085115,9416],[1085118,9416],[1085121,9416],[1085124,9416],[1085127,9416],[1085130,9416],[1085133,9416],[1085136,9416],[1085139,9416],[1085142,9416],[1085145,9416],[1085148,9416],[1085151,9416],[1085154,9416],[1085157,9416],[1085160,9416],[1085163,9416],[1085166,9416],[1085169,9416],[1085172,9416],[1085175,9416],[1085178,9416],[1085181,9416],[1085184,9416],[1085187,9416],[1085190,9416],[1085193,9416],[1085196,9416],[1085199,9416],[1085202,9416],[1085205,9416],[1085208,9416],[1085211,9416],[1085214,9416],[1085217,9416],[1085220,9416],[1085223,9416],[1085226,9416],[1085229,9416],[1085232,9416],[1085235,9416],[1085238,9416],[1085241,9416],[33975,9416],[33978,9416],[35910,9416],[39771,9416],[39774,9416],[41709,9416],[41712,9416],[41715,9416],[41718,9416],[43644,9416],[43647,9416],[43650,9416],[43653,9416],[43656,9416],[45582,9416],[45585,9416],[45588,9416],[45591,9416],[47520,9416],[49464,9416],[49467,9416],[59160,9416],[61098,9416],[61746,9416],[61749,9416],[63705,9416],[68865,9416],[68868,9416],[69585,9416],[73497,9416],[73500,9416],[73503,9416],[77412,9416],[77415,9416],[77418,9416],[79371,9416],[123291,9416],[127182,9416],[127185,9416],[129129,9416],[131073,9416],[131076,9416],[133020,9416],[134964,9416],[134967,9416],[136911,9416],[140802,9416],[142746,9416],[142749,9416],[144693,9416],[146640,9416],[148584,9416],[148587,9416],[150531,9416],[152478,9416],[154425,9416],[166101,9416],[168048,9416],[173886,9416],[175833,9416],[177777,9416],[177780,9416],[179724,9416],[181671,9416],[183618,9416],[184932,9416],[185565,9416],[186885,9416],[187512,9416],[188838,9416],[189459,9416],[194697,9416],[201138,9416],[203085,9416],[205032,9416],[206979,9416],[242034,9416],[224508,9416],[208929,9416],[195303,9416],[195300,9416],[193356,9416],[191409,9416],[156372,9416],[140808,9416],[140805,9416],[138861,9416],[125244,9416],[77409,9416],[73494,9416],[71535,9416],[70815,9416],[68874,9416],[68871,9416],[67617,9416],[63702,9416],[49479,9416],[37863,9416],[35925,9416],[32247,9416],[30198,9416],