CoutRGB 
214,173,148
CoutYUV 
173,111,148
CinRGB 
185,127,97
CoutYUV 
137,106,155
n_out 
137,106,155
After 10 iterations 
CoutRGB 
215,173,148
CoutYUV 
173,111,148
CinRGB 
183,125,94
CoutYUV 
135,106,156
Lout 
[91065,30355],[195309,65103],[1069638,356546],[1069635,356545],[1069632,356544],[1069629,356543],[1069626,356542],[1069623,356541],[1069620,356540],[1069617,356539],[1069614,356538],[1069611,356537],[1069608,356536],[1069605,356535],[1069602,356534],[1069599,356533],[1069596,356532],[1069593,356531],[1069590,356530],[1069587,356529],[1069584,356528],[1069581,356527],[1069578,356526],[1069575,356525],[1069572,356524],[1069569,356523],[1069566,356522],[1069563,356521],[1069560,356520],[1069557,356519],[1069554,356518],[1069551,356517],[1069548,356516],[1069545,356515],[1069542,356514],[1069539,356513],[1069536,356512],[1069533,356511],[1069530,356510],[1069527,356509],[1069524,356508],[1069521,356507],[1069518,356506],[1069515,356505],[1069512,356504],[1067724,355908],[1067721,355907],[1067718,355906],[1067715,355905],[1067712,355904],[1067709,355903],[1067706,355902],[1067703,355901],[1067700,355900],[1067697,355899],[1069641,356547],[1067694,355898],[1069509,356503],[1067556,355852],[1067553,355851],[1067550,355850],[1067547,355849],[1067544,355848],[1067541,355847],[1067538,355846],[1067535,355845],[1067532,355844],[1067529,355843],[1067526,355842],[1065801,355267],[1065798,355266],[1065795,355265],[1065792,355264],[1065789,355263],[1065786,355262],[1065783,355261],[1067727,355909],[1065780,355260],[1067523,355841],[1065570,355190],[1065567,355189],[1065564,355188],[1065561,355187],[1065558,355186],[1065555,355185],[1065552,355184],[1065549,355183],[1063872,354624],[1063869,354623],[1063866,354622],[1063863,354621],[1063860,354620],[1065804,355268],[1063857,354619],[1065546,355182],[1063593,354531],[1063590,354530],[1063587,354529],[1063584,354528],[1063581,354527],[1063578,354526],[1061943,353981],[1061940,353980],[1061937,353979],[1061934,353978],[1061931,353977],[1063875,354625],[1061928,353976],[1063575,354525],[1061622,353874],[1061619,353873],[1061616,353872],[1061613,353871],[1061610,353870],[1061607,353869],[1060008,353336],[1060005,353335],[1060002,353334],[1061946,353982],[1059999,353333],[1061604,353868],[1059651,353217],[1059648,353216],[1059645,353215],[1059642,353214],[1058076,352692],[1058073,352691],[1058070,352690],[1058067,352689],[1060011,353337],[1058064,352688],[1059639,353213],[1057686,352562],[1057683,352561],[1057680,352560],[1057677,352559],[1057674,352558],[1056138,352046],[1056135,352045],[1058079,352693],[1056132,352044],[1057671,352557],[1055718,351906],[1055715,351905],[1055712,351904],[1054203,351401],[1054200,351400],[1054197,351399],[1056141,352047],[1054194,351398],[1055709,351903],[1053756,351252],[1053753,351251],[1053750,351250],[1053747,351249],[1052265,350755],[1052262,350754],[1054206,351402],[1052259,350753],[1053744,351248],[1051791,350597],[1051788,350596],[1051785,350595],[1050327,350109],[1050324,350108],[1052268,350756],[1050321,350107],[1051782,350594],[1049829,349943],[1049826,349942],[1049823,349941],[1048389,349463],[1048386,349462],[1050330,350110],[1048383,349461],[1049820,349940],[1047867,349289],[1047864,349288],[1047861,349287],[1046451,348817],[1046448,348816],[1048392,349464],[1046445,348815],[1047858,349286],[1045905,348635],[1045902,348634],[1045899,348633],[1044510,348170],[1046454,348818],[1044507,348169],[1045896,348632],[1043943,347981],[1043940,347980],[1042572,347524],[1042569,347523],[1044513,348171],[1042566,347522],[1043937,347979],[1041984,347328],[1041981,347327],[1041978,347326],[1040631,346877],[1042575,347525],[1040628,346876],[1041975,347325],[1040022,346674],[1040019,346673],[1038690,346230],[1040634,346878],[1038687,346229],[1040016,346672],[1038063,346021],[1038060,346020],[1036749,345583],[1038693,346231],[1036746,345582],[1038057,346019],[1036104,345368],[1036101,345367],[1034808,344936],[1036752,345584],[1034805,344935],[1036098,345366],[1034145,344715],[1034142,344714],[1032867,344289],[1034811,344937],[1032864,344288],[1034139,344713],[1032186,344062],[1032183,344061],[1030926,343642],[1032870,344290],[1030923,343641],[1032180,344060],[1030227,343409],[1030224,343408],[1030929,343643],[1028982,342994],[1030221,343407],[1028268,342756],[1027041,342347],[1028985,342995],[1027038,342346],[1028265,342755],[1026312,342104],[1026309,342103],[1025100,341700],[1027044,342348],[1025097,341699],[1026306,342102],[1024353,341451],[1024350,341450],[1025103,341701],[1023156,341052],[1024347,341449],[1022394,340798],[1021215,340405],[1023159,341053],[1021212,340404],[1022391,340797],[1020438,340146],[1020435,340145],[1021218,340406],[1019271,339757],[1020432,340144],[1018479,339493],[1019274,339758],[1017327,339109],[1018476,339492],[1016523,338841],[1015386,338462],[1017330,339110],[1015383,338461],[1016520,338840],[1014567,338189],[1014564,338188],[1015389,338463],[1013442,337814],[1014561,338187],[1012608,337536],[1013445,337815],[1011498,337166],[1012605,337535],[1010652,336884],[1011501,337167],[1009554,336518],[1010649,336883],[1008696,336232],[1009557,336519],[1007610,335870],[1008693,336231],[1006740,335580],[1007613,335871],[1005666,335222],[1006737,335579],[1004784,334928],[1005669,335223],[1003722,334574],[1004781,334927],[1002828,334276],[1003725,334575],[1001778,333926],[1002825,334275],[1000872,333624],[1001781,333927],[999834,333278],[1000869,333623],[998916,332972],[999837,333279],[997890,332630],[998913,332971],[996960,332320],[997893,332631],[995946,331982],[996957,332319],[995004,331668],[995949,331983],[994002,331334],[995001,331667],[993048,331016],[994005,331335],[992058,330686],[993045,331015],[991092,330364],[992061,330687],[990114,330038],[991089,330363],[989136,329712],[990117,330039],[988170,329390],[989133,329711],[987180,329060],[988173,329391],[986226,328742],[984279,328093],[987177,329059],[985224,328408],[983271,327757],[984282,328094],[982335,327445],[983268,327756],[981315,327105],[982338,327446],[980391,326797],[981312,327104],[979359,326453],[980394,326798],[978447,326149],[976500,325500],[979356,326452],[977403,325801],[975450,325150],[976503,325501],[974556,324852],[975447,325149],[973494,324498],[974559,324853],[972612,324204],[970665,323555],[973491,324497],[971538,323846],[969585,323195],[970668,323556],[968721,322907],[966774,322258],[969582,323194],[967629,322543],[965676,321892],[966777,322259],[964830,321610],[962883,320961],[965673,321891],[963720,321240],[961767,320589],[962886,320962],[960939,320313],[958992,319664],[961764,320588],[959811,319937],[957858,319286],[958995,319665],[957048,319016],[955101,318367],[957855,319285],[955902,318634],[953949,317983],[955104,318368],[953157,317719],[951210,317070],[949263,316421],[953946,317982],[951993,317331],[950040,316680],[948087,316029],[949266,316422],[947319,315773],[945372,315124],[943425,314475],[948084,316028],[946131,315377],[944178,314726],[942225,314075],[943428,314476],[941481,313827],[939534,313178],[937587,312529],[942222,314074],[940269,313423],[938316,312772],[936363,312121],[937590,312530],[935643,311881],[933696,311232],[931749,310583],[929802,309934],[936360,312120],[934407,311469],[932454,310818],[930501,310167],[928548,309516],[929805,309935],[928545,309515],[927858,309286],[925911,308637],[923964,307988],[922017,307339],[920070,306690],[926592,308864],[924639,308213],[922686,307562],[920733,306911],[918780,306260],[920073,306691],[918777,306259],[918126,306042],[916824,305608],[916179,305393],[914871,304957],[914232,304744],[912918,304306],[912285,304095],[910338,303446],[908391,302797],[906444,302148],[904497,301499],[910965,303655],[909012,303004],[907059,302353],[905106,301702],[903153,301051],[904500,301500],[903150,301050],[902553,300851],[901197,300399],[900606,300202],[899244,299748],[898659,299553],[897291,299097],[896712,298904],[895338,298446],[894765,298255],[893385,297795],[890868,296956],[892815,297605],[888921,296307],[886974,295658],[885027,295009],[883080,294360],[889482,296494],[891435,297145],[887529,295843],[885576,295192],[883623,294541],[881670,293890],[881133,293711],[879717,293239],[879186,293062],[877764,292588],[877239,292413],[875811,291937],[873342,291114],[875289,291763],[871395,290465],[869448,289816],[867501,289167],[871908,290636],[873861,291287],[869955,289985],[868002,289334],[866049,288683],[863604,287868],[865551,288517],[861657,287219],[859710,286570],[857763,285921],[862146,287382],[864099,288033],[860193,286731],[858240,286080],[856287,285429],[853866,284622],[855813,285271],[851919,283973],[849972,283324],[852384,284128],[854337,284779],[850431,283477],[848478,282826],[846075,282025],[848022,282674],[844128,281376],[842181,280727],[844575,281525],[846528,282176],[842622,280874],[840669,280223],[838284,279428],[840231,280077],[836337,278779],[836766,278922],[838719,279573],[834813,278271],[832440,277480],[834387,278129],[830493,276831],[830910,276970],[832863,277621],[828957,276319],[826596,275532],[828543,276181],[824649,274883],[825054,275018],[827007,275669],[823101,274367],[820752,273584],[822699,274233],[818805,272935],[819198,273066],[821151,273717],[817245,272415],[814908,271636],[816855,272285],[812961,270987],[813342,271114],[815295,271765],[811389,270463],[809064,269688],[811011,270337],[807486,269162],[809439,269813],[805167,268389],[807114,269038],[803220,267740],[803583,267861],[805536,268512],[801630,267210],[799323,266441],[801270,267090],[797727,265909],[799680,266560],[795426,265142],[797373,265791],[793479,264493],[793824,264608],[795777,265259],[791871,263957],[789582,263194],[791529,263843],[787968,262656],[789921,263307],[785685,261895],[787632,262544],[784065,261355],[786018,262006],[781788,260596],[783735,261245],[780162,260054],[782115,260705],[777891,259297],[779838,259946],[776259,258753],[778212,259404],[773994,257998],[775941,258647],[772356,257452],[774309,258103],[770097,256699],[772044,257348],[768453,256151],[770406,256802],[766200,255400],[768147,256049],[764550,254850],[766503,255501],[762303,254101],[764250,254750],[760647,253549],[762600,254200],[758406,252802],[760353,253451],[756744,252248],[758697,252899],[754509,251503],[756456,252152],[752841,250947],[754794,251598],[752559,250853],[750891,250297],[748662,249554],[750609,250203],[746988,248996],[748941,249647],[744765,248255],[746712,248904],[743085,247695],[745038,248346],[740868,246956],[742815,247605],[739182,246394],[741135,247045],[738918,246306],[737232,245744],[735021,245007],[736968,245656],[733329,244443],[735282,245094],[731124,243708],[733071,244357],[729426,243142],[731379,243793],[729174,243058],[727476,242492],[725277,241759],[727224,242408],[723573,241191],[725526,241842],[723327,241109],[721623,240541],[719430,239810],[721377,240459],[717720,239240],[719673,239891],[715533,238511],[717480,239160],[713817,237939],[715770,238590],[713583,237861],[711867,237289],[709686,236562],[711633,237211],[707964,235988],[709917,236639],[707736,235912],[706014,235338],[703839,234613],[705786,235262],[702111,234037],[704064,234688],[701889,233963],[700161,233387],[697992,232664],[699939,233313],[696258,232086],[698211,232737],[696042,232014],[694308,231436],[694092,231364],[692358,230786],[690195,230065],[692142,230714],[688455,229485],[690408,230136],[688245,229415],[686505,228835],[684348,228116],[686295,228765],[682602,227534],[684555,228185],[682398,227466],[680652,226884],[680448,226816],[678702,226234],[676551,225517],[678498,226166],[674799,224933],[676752,225584],[674601,224867],[672849,224283],[672651,224217],[670899,223633],[668754,222918],[670701,223567],[666996,222332],[668949,222983],[666804,222268],[665046,221682],[664854,221618],[663096,221032],[660957,220319],[662904,220968],[659193,219731],[661146,220382],[659007,219669],[657243,219081],[657057,219019],[655293,218431],[655107,218369],[653343,217781],[651210,217070],[653157,217719],[649440,216480],[651393,217131],[649260,216420],[647490,215830],[647310,215770],[645540,215180],[645360,215120],[643590,214530],[641463,213821],[643410,214470],[639687,213229],[641640,213880],[639513,213171],[637737,212579],[637563,212521],[635787,211929],[635613,211871],[633837,211279],[633663,211221],[631887,210629],[629766,209922],[631713,210571],[627984,209328],[629937,209979],[627816,209272],[626034,208678],[625866,208622],[624084,208028],[623916,207972],[622134,207378],[621966,207322],[620184,206728],[620016,206672],[618234,206078],[618066,206022],[616284,205428],[614169,204723],[616116,205372],[612381,204127],[614334,204778],[612219,204073],[610431,203477],[610269,203423],[608481,202827],[608319,202773],[606531,202177],[606369,202123],[604581,201527],[604419,201473],[602631,200877],[602469,200823],[600681,200227],[600519,200173],[598731,199577],[598569,199523],[596781,198927],[594672,198224],[596619,198873],[592878,197626],[594831,198277],[592722,197574],[590928,196976],[590772,196924],[588978,196326],[588822,196274],[587028,195676],[586872,195624],[585078,195026],[584922,194974],[583128,194376],[582972,194324],[581178,193726],[581022,193674],[579228,193076],[579072,193024],[577278,192426],[577122,192374],[575328,191776],[575172,191724],[573378,191126],[573222,191074],[571428,190476],[571272,190424],[569478,189826],[569322,189774],[567528,189176],[567372,189124],[565578,188526],[565422,188474],[563628,187876],[563472,187824],[561678,187226],[561522,187174],[559728,186576],[559572,186524],[557778,185926],[557622,185874],[555828,185276],[555672,185224],[553878,184626],[553722,184574],[551928,183976],[551772,183924],[549978,183326],[549822,183274],[548028,182676],[547872,182624],[546078,182026],[545922,181974],[544128,181376],[543972,181324],[542178,180726],[542022,180674],[540228,180076],[540072,180024],[538278,179426],[538122,179374],[536328,178776],[536172,178724],[534378,178126],[534222,178074],[532428,177476],[532272,177424],[530478,176826],[530322,176774],[528528,176176],[528372,176124],[526578,175526],[526422,175474],[524628,174876],[524472,174824],[522519,174173],[522678,174226],[520731,173577],[520569,173523],[518781,172927],[518619,172873],[516831,172277],[516669,172223],[514881,171627],[514719,171573],[512931,170977],[512769,170923],[510981,170327],[510819,170273],[509031,169677],[508869,169623],[507081,169027],[506919,168973],[505131,168377],[504969,168323],[503016,167672],[503181,167727],[501234,167078],[501066,167022],[499284,166428],[499116,166372],[497334,165778],[497166,165722],[495384,165128],[495216,165072],[493434,164478],[493266,164422],[491484,163828],[491316,163772],[489534,163178],[489366,163122],[487413,162471],[487584,162528],[485637,161879],[485463,161821],[483687,161229],[483513,161171],[481737,160579],[481563,160521],[479787,159929],[479613,159871],[477837,159279],[477663,159221],[475710,158570],[475887,158629],[473940,157980],[473760,157920],[471990,157330],[471810,157270],[470040,156680],[469860,156620],[468090,156030],[467910,155970],[465957,155319],[466140,155380],[464193,154731],[464007,154669],[462243,154081],[462057,154019],[460293,153431],[460107,153369],[458343,152781],[458157,152719],[456204,152068],[456393,152131],[454446,151482],[454254,151418],[452496,150832],[452304,150768],[450546,150182],[450354,150118],[448401,149467],[448596,149532],[446649,148883],[446451,148817],[444699,148233],[444501,148167],[442749,147583],[442551,147517],[440598,146866],[440799,146933],[438852,146284],[438648,146216],[436902,145634],[436698,145566],[434952,144984],[434748,144916],[432795,144265],[433002,144334],[431055,143685],[430845,143615],[429105,143035],[428895,142965],[426942,142314],[427155,142385],[425208,141736],[424992,141664],[423258,141086],[423042,141014],[421308,140436],[421092,140364],[419139,139713],[419358,139786],[417411,139137],[417189,139063],[415461,138487],[415239,138413],[413286,137762],[413511,137837],[411564,137188],[411336,137112],[409614,136538],[409386,136462],[407433,135811],[407664,135888],[405717,135239],[405483,135161],[403767,134589],[403533,134511],[401580,133860],[401817,133939],[399870,133290],[399630,133210],[397677,132559],[397920,132640],[395973,131991],[395727,131909],[394023,131341],[393777,131259],[391824,130608],[392073,130691],[390126,130042],[389874,129958],[388176,129392],[387924,129308],[385971,128657],[386226,128742],[384279,128093],[384021,128007],[382068,127356],[382329,127443],[380382,126794],[380118,126706],[378432,126144],[378168,126056],[376215,125405],[376482,125494],[374535,124845],[374265,124755],[372312,124104],[372585,124195],[370638,123546],[370362,123454],[368409,122803],[368688,122896],[366741,122247],[366459,122153],[364791,121597],[364509,121503],[362556,120852],[362841,120947],[360894,120298],[360606,120202],[358653,119551],[358944,119648],[356997,118999],[356703,118901],[354750,118250],[355047,118349],[353100,117700],[352800,117600],[350847,116949],[351150,117050],[349203,116401],[348897,116299],[346944,115648],[347253,115751],[345306,115102],[344994,114998],[343041,114347],[343356,114452],[341409,113803],[341091,113697],[339138,113046],[339459,113153],[337512,112504],[337188,112396],[335235,111745],[335562,111854],[333615,111205],[333285,111095],[331332,110444],[331665,110555],[329718,109906],[329382,109794],[327429,109143],[327768,109256],[325821,108607],[325479,108493],[323526,107842],[321573,107191],[323871,107957],[321924,107308],[319977,106659],[319623,106541],[317670,105890],[318027,106009],[316080,105360],[315720,105240],[313767,104589],[311814,103938],[314130,104710],[312183,104061],[310236,103412],[309864,103288],[307911,102637],[308286,102762],[306339,102113],[305961,101987],[304008,101336],[302055,100685],[304389,101463],[302442,100814],[300495,100165],[300105,100035],[298152,99384],[296199,98733],[298545,99515],[296598,98866],[294651,98217],[294249,98083],[292296,97432],[290343,96781],[292701,97567],[290754,96918],[288807,96269],[288393,96131],[286440,95480],[284487,94829],[286857,95619],[284910,94970],[282963,94321],[282537,94179],[280584,93528],[278631,92877],[281013,93671],[279066,93022],[277119,92373],[276681,92227],[274728,91576],[272775,90925],[270822,90274],[275169,91723],[273222,91074],[271275,90425],[269328,89776],[268872,89624],[266919,88973],[264966,88322],[263013,87671],[267378,89126],[265431,88477],[263484,87828],[261537,87179],[261063,87021],[259110,86370],[257157,85719],[255204,85068],[253251,84417],[259587,86529],[257640,85880],[255693,85231],[253746,84582],[251799,83933],[249849,83283],[251301,83767],[249348,83116],[247395,82465],[245442,81814],[243489,81163],[247899,82633],[245952,81984],[244005,81335],[242058,80686],[241539,80513],[240111,80037],[238164,79388],[239586,79862],[237633,79211],[236217,78739],[234270,78090],[235680,78560],[233727,77909],[231774,77258],[229821,76607],[227868,75956],[225915,75305],[223965,74655],[222012,74004],[220059,73353],[218106,72702],[216153,72051],[214200,71400],[212247,70749],[210291,70097],[212244,70748],[208338,69446],[206385,68795],[204432,68144],[202479,67493],[200526,66842],[198573,66191],[196617,65539],[198570,66190],[194664,64888],[192711,64237],[190758,63586],[188805,62935],[186849,62283],[188802,62934],[184896,61632],[182943,60981],[180990,60330],[179034,59678],[180987,60329],[177081,59027],[175128,58376],[175125,58375],[171219,57073],[169266,56422],[167310,55770],[169263,56421],[165357,55119],[163404,54468],[163401,54467],[155586,51862],[157539,52513],[147771,49257],[149724,49908],[151677,50559],[147768,49256],[145812,48604],[147765,49255],[143859,47953],[143856,47952],[137994,45998],[138903,46301],[140850,46950],[136956,45652],[136038,45346],[137991,45997],[134085,44695],[135012,45004],[136959,45653],[130176,43392],[130182,43394],[132129,44043],[128223,42741],[133068,44356],[135015,45005],[131124,43708],[133071,44357],[129177,43059],[128217,42739],[130170,43390],[127233,42411],[129180,43060],[126261,42087],[128214,42738],[125289,41763],[127236,42412],[124305,41435],[126258,42086],[123345,41115],[125292,41764],[122349,40783],[124302,41434],[121401,40467],[123348,41116],[120393,40131],[122346,40782],[119457,39819],[121404,40468],[118437,39479],[120390,40130],[117513,39171],[119460,39820],[116481,38827],[118434,39478],[115569,38523],[117516,39172],[114525,38175],[116478,38826],[113625,37875],[115572,38524],[112569,37523],[114522,38174],[111681,37227],[113628,37876],[110613,36871],[112566,37522],[108657,36219],[110610,36870],[107793,35931],[109740,36580],[106701,35567],[108654,36218],[105849,35283],[107796,35932],[104745,34915],[106698,35566],[103905,34635],[105852,35284],[102789,34263],[104742,34914],[101961,33987],[103908,34636],[102786,34262],[94971,31657],[96924,32308],[98877,32959],[100830,33610],[102783,34261],[100020,33340],[101967,33989],[101964,33988],[94968,31656],[98076,32692],[100023,33341],[96129,32043],[94182,31394],[94191,31397],[96138,32046],[96135,32045],[92247,30749],[94194,31398],[86412,28804],[88359,29453],[90306,30102],[92253,30751],[92250,30750],[89094,29698],[91041,30347],[87147,29049],[89085,29695],[91038,30346],[80577,26859],[82524,27508],[84471,28157],[86418,28806],[88365,29455],[87129,29043],[89082,29694],[87126,29042],[85170,28390],[87123,29041],[83217,27739],[81258,27086],[83211,27737],[85164,28388],[82539,27513],[84486,28162],[82530,27510],[84483,28161],[77349,25783],[79302,26434],[81255,27085],[80598,26866],[80595,26865],[82542,27514],[78657,26219],[80604,26868],[76710,25570],[80601,26867],[77346,25782],[77337,25779],[79290,26430],[75384,25128],[76716,25572],[78663,26221],[75375,25125],[75381,25127],[77328,25776],[74775,24925],[76722,25574],[76719,25573],[75372,25124],[75369,25123],[73413,24471],[75366,25122],[72837,24279],[74784,24928],[74781,24927],[74778,24926],[73410,24470],[71454,23818],[73407,24469],[70896,23632],[72843,24281],[72840,24280],[71451,23817],[71448,23816],[69492,23164],[71445,23815],[68958,22986],[70905,23635],[70902,23634],[70899,23633],[69489,23163],[69486,23162],[67530,22510],[69483,23161],[67014,22338],[68961,22987],[65067,21689],[61173,20391],[63120,21040],[55326,18442],[57279,19093],[67527,22509],[67524,22508],[65568,21856],[67521,22507],[65565,21855],[65562,21854],[63606,21202],[65559,21853],[51453,17151],[49506,16502],[63603,21201],[63600,21200],[63597,21199],[61641,20547],[63594,21198],[61638,20546],[61635,20545],[59679,19893],[61632,20544],[59676,19892],[59673,19891],[59670,19890],[59667,19889],[57711,19237],[59664,19888],[57339,19113],[59286,19762],[59283,19761],[55374,18458],[57327,19109],[59280,19760],[57708,19236],[57705,19235],[57702,19234],[55746,18582],[57699,19233],[53451,17817],[55398,18466],[57345,19115],[57342,19114],[55743,18581],[55740,18580],[55737,18579],[55734,18578],[55731,18577],[53775,17925],[55728,18576],[53475,17825],[55422,18474],[51528,17176],[55419,18473],[53463,17821],[55416,18472],[53454,17818],[53460,17820],[55407,18469],[53772,17924],[53769,17923],[53766,17922],[53763,17921],[53760,17920],[51804,17268],[53757,17919],[51546,17182],[53493,17831],[53490,17830],[53487,17829],[53484,17828],[53481,17827],[51801,17267],[51798,17266],[51795,17265],[51792,17264],[51789,17263],[51786,17262],[51783,17261],[49827,16609],[51780,17260],[49623,16541],[51570,17190],[51567,17189],[51564,17188],[51561,17187],[51558,17186],[51555,17185],[51552,17184],[51549,17183],[49824,16608],[49821,16607],[49818,16606],[49815,16605],[49812,16604],[49809,16603],[49806,16602],[49803,16601],[47847,15949],[49800,16600],[47841,15947],[49794,16598],[47709,15903],[49656,16552],[49653,16551],[49650,16550],[49647,16549],[49644,16548],[49641,16547],[49638,16546],[49635,16545],[49632,16544],[49629,16543],[49626,16542],[45882,15294],[47835,15945],[43929,14643],[45876,15292],[47823,15941],[47814,15938],[47811,15937],[47808,15936],[47805,15935],[47802,15934],[47799,15933],[47796,15932],[47793,15931],[47790,15930],[47787,15929],[47784,15928],[47781,15927],[47778,15926],[47775,15925],[47772,15924],[47769,15923],[47766,15922],[47763,15921],[47760,15920],[47757,15919],[47754,15918],[45798,15266],[47751,15917],[47745,15915],[47742,15914],[47739,15913],[47736,15912],[47733,15911],[47730,15910],[47727,15909],[47724,15908],[47721,15907],[47718,15906],[47715,15905],[47712,15904],[183624,61208],[185571,61857],[185535,61845],[183588,61196],[181641,60547],[179694,59898],[177747,59249],[175800,58600],[173853,57951],[171906,57302],[169959,56653],[168012,56004],[123249,41083],[129087,43029],[127140,42380],[125193,41731],[123246,41082],[123252,41084],[121305,40435],[119358,39786],[61809,20603],[59856,19952],[71574,23858],[69627,23209],[67674,22558],[46155,15385],[50061,16687],[48108,16036],[41646,13882],[39705,13235],[39699,13233],[37752,12584],[26088,8696],[26085,8695],[29979,9993],[28032,9344],[31923,10641],[33870,11290],[35817,11939],[41664,13888],[39711,13237],[37764,12588],[26100,8700],[26094,8698],[24147,8049],[26091,8697],[22209,7403],[24156,8052],[26103,8701],[185568,61856],[183621,61207],[45867,15289],[45870,15290],[45885,15295],[45891,15297],[53424,17808],[49503,16501],[51450,17150],[55323,18441],[57276,19092],[77343,25781],[79308,26436],[93018,31006],[94974,31658],[107787,35929],[109731,36577],[138900,46300],[139953,46651],[141906,47302],[151680,50560],[157542,52514],[153636,51212],[157545,52515],[159498,53166],[161451,53817],[171222,57074],[173175,57725],[224529,74843],[226476,75492],[57849,19283],[195306,65102],[26121,8707],[24168,8056],[31953,10651],[26115,8705],[24162,8054],[28044,9348],[41655,13885],[43596,14532],[52011,17337],[46152,15384],[65718,21906],[71571,23857],[67671,22557],[65706,21902],[63759,21253],[119361,39787],[123255,41085],[129090,43030],[132981,44327],[131034,43678],[168015,56005],[171909,57303],[189450,63150],[187488,62496],[191400,63800],[68871,22957],[70815,23605],[193356,64452],[224508,74836],[127185,42395],[68868,22956],[49464,16488],[35910,11970],[226458,75486],[222561,74187],[82476,27492],[37875,12625],[59796,19932],[68862,22954],[77421,25807],[152475,50825],[37878,12626],[39810,13270],[53364,17788],[70830,23610],[76656,25552],[81318,27106],[131088,43696],[138024,46008],[150525,50175],[228411,76137],[131091,43697],[122382,40794],[86376,28792],[53367,17789],[41718,13906],[47577,15859],[45648,15216],[33924,11308],[37830,12610],[57852,19284],[45654,15218],[139971,46657],[147789,49263],[234255,78085],[195291,65097],[123276,41092],[66906,22302],[35880,11960],[147786,49262],[120423,40141],[30021,10007],[55905,18635],[121323,40441],[131055,43685],[193341,64447],[151689,50563],[133002,44334],[30015,10005],[236211,78737],[232317,77439],[234264,78088],[228420,76140],[226473,75491],[222579,74193],[220632,73544],[149730,49910],[136047,45349],[138000,46000],[136950,45650],[132138,44046],[128229,42743],[122376,40792],[107784,35928],[89115,29705],[87162,29054],[85209,28403],[84429,28143],[85194,28398],[79311,26437],[77355,25785],[63114,21038],[61167,20389],[59220,19740],[55320,18440],[57273,19091],[51447,17149],[49500,16500],[43941,14647],[41982,13994],[43935,14645],[40029,13343],[183618,61206],[185565,61855],[189438,63146],[168018,56006],[134931,44977],[119364,39788],[119367,39789],[61803,20601],[65715,21905],[71568,23856],[46149,15383],[48093,16031],[46146,15382],[49446,16482],[47493,15831],[45546,15182],[43605,14535],[31932,10644],[33876,11292],[268893,89631],[185562,61854],[183615,61205],[38079,12693],[41988,13996],[47601,15867],[51477,17159],[49497,16499],[51444,17148],[71496,23832],[71499,23833],[74727,24909],[81312,27104],[83259,27753],[79365,26455],[91071,30357],[93027,31009],[126279,42093],[130188,43396],[135000,45000],[230367,76789],[236208,78736],[247890,82630],[28065,9355],[29994,9998],[31950,10650],[41667,13889],[49449,16483],[50043,16681],[53958,17986],[71565,23855],[69594,23198],[67641,22547],[65694,21898],[63747,21249],[61800,20600],[119370,39790],[136881,45627],[168021,56007],[191388,63796],[195276,65092],[193329,64443],[249837,83279],[245940,81980],[232311,77437],[218679,72893],[170016,56672],[168069,56023],[166122,55374],[141924,47308],[147783,49261],[133050,44350],[128238,42746],[124329,41443],[91077,30359],[81297,27099],[78612,26204],[81294,27098],[83241,27747],[74724,24908],[75411,25137],[77364,25788],[74730,24910],[75408,25136],[72795,24265],[67584,22528],[57267,19089],[49494,16498],[49527,16509],[40035,13345],[183612,61204],[185559,61853],[45591,15197],[199173,66391],[197226,65742],[193332,64444],[187500,62500],[168024,56008],[168039,56013],[166086,55362],[138831,46277],[125211,41737],[65697,21899],[71562,23854],[67662,22554],[51993,17331],[49452,16484],[33882,11294],[35829,11943],[45570,15190],[43617,14539],[33900,11300],[31956,10652],[28071,9357],[71535,23845],[125244,41748],[156372,52124],[173886,57962],[166101,55367],[154425,51475],[123291,41097],[47520,15840],[243984,81328],[168054,56018],[71553,23851],[136908,45636],[184935,61645],[68895,22965],[67605,22535],[212829,70943],[205026,68342],[121338,40446],[160275,53425],[63699,21233],[65637,21879],[47541,15847],[34179,11393],[36132,12044],[32226,10742],[188835,62945],[45573,15191],[183609,61203],[38085,12695],[47589,15863],[49491,16497],[57264,19088],[65631,21877],[69543,23181],[70848,23616],[69552,23184],[74721,24907],[78609,26203],[81300,27100],[89124,29708],[89127,29709],[124332,41444],[126288,42096],[131100,43700],[141927,47309],[149742,49914],[162225,54075],[164172,54724],[170013,56671],[170010,56670],[216729,72243],[226464,75488],[232308,77436],[243990,81330],[268890,89630],[33906,11302],[49455,16485],[45555,15185],[53943,17981],[71559,23853],[67659,22553],[134952,44984],[140781,46927],[144675,48225],[142728,47576],[168030,56010],[169989,56663],[168027,56009],[187503,62501],[195294,65098],[201123,67041],[266937,88979],[247884,82628],[242040,80680],[224514,74838],[214779,71593],[188832,62944],[170007,56669],[129150,43050],[124335,41445],[118470,39490],[89130,29710],[87174,29058],[81303,27101],[77397,25799],[77394,25798],[74718,24906],[76665,25555],[72783,24261],[70842,23614],[65646,21882],[67593,22531],[49488,16496],[43671,14557],[45624,15208],[45642,15214],[41763,13921],[203073,67691],[195285,65095],[193338,64446],[181659,60553],[168033,56011],[148572,49524],[146625,48875],[142731,47577],[136902,45634],[133005,44335],[121329,40443],[119382,39794],[119385,39795],[65703,21901],[69597,23199],[67656,22552],[64959,21653],[55893,18631],[49458,16486],[45558,15186],[35853,11951],[35850,11950],[33927,11309],[31974,10658],[43701,14567],[41721,13907],[43689,14563],[45636,15212],[47538,15846],[55311,18437],[51417,17139],[63678,21226],[79353,26451],[116523,38841],[120432,40144],[127200,42400],[129141,43047],[138027,46009],[139980,46660],[201147,67049],[240090,80030],[245934,81978],[47526,15842],[45561,15187],[57195,19065],[63042,21014],[61089,20363],[59142,19714],[57843,19281],[64962,21654],[123279,41093],[134955,44985],[197241,65747],[264990,88330],[201144,67048],[199197,66399],[196647,65549],[186879,62293],[173892,57964],[175839,58613],[158322,52774],[127191,42397],[129138,43046],[125250,41750],[118482,39494],[116526,38842],[85230,28410],[87183,29061],[85227,28409],[84423,28141],[81321,27107],[75450,25150],[75441,25147],[72765,24255],[74712,24904],[74709,24903],[63690,21230],[61734,20578],[61731,20577],[49470,16490],[47535,15845],[41724,13908],[39816,13272],[32232,10744],[199191,66397],[187506,62502],[125238,41746],[71556,23852],[68859,22953],[63045,21015],[45567,15189],[45564,15188],[32031,10677],[30078,10026],[32022,10674],[30075,10025],[30279,10093],[35931,11977],[37857,12619],[37866,12622],[47532,15844],[49473,16491],[49476,16492],[61737,20579],[63048,21016],[65658,21886],[68877,22959],[73491,24497],[75453,25151],[77406,25802],[116529,38843],[123297,41099],[169995,56665],[171942,57314],[184929,61643],[194694,64898],[197247,65749],[201141,67047],[210876,70292],[238137,79379],[240084,80028],[264993,88331],[266946,88982],[33972,11324],[59148,19716],[61755,20585],[66915,22305],[69588,23196],[67635,22545],[71547,23849],[71550,23850],[73506,24502],[75462,25154],[75465,25155],[75468,25156],[125235,41745],[138852,46284],[166098,55366],[171936,57312],[182982,60994],[186888,62296],[189456,63152],[192747,64249],[206976,68992],[242031,80677],[208926,69642],[195297,65099],[194700,64900],[193353,64451],[193350,64450],[191406,63802],[168045,56015],[138858,46286],[138855,46285],[79374,26458],[75459,25153],[71544,23848],[69582,23194],[66924,22308],[63708,21236],[61752,20584],[61101,20367],[49461,16487],[47529,15843],[39777,13259],[35922,11974],[35913,11971],[33981,11327], 
 Lout 
[91062,11327],[197259,11327],[195312,11327],[1067688,11327],[1067685,11327],[1067682,11327],[1067679,11327],[1067676,11327],[1067673,11327],[1067670,11327],[1067667,11327],[1067664,11327],[1067661,11327],[1067658,11327],[1067655,11327],[1067652,11327],[1067649,11327],[1067646,11327],[1067643,11327],[1067640,11327],[1067637,11327],[1067634,11327],[1067631,11327],[1067628,11327],[1067625,11327],[1067622,11327],[1067619,11327],[1067616,11327],[1067613,11327],[1067610,11327],[1067607,11327],[1067604,11327],[1067601,11327],[1067598,11327],[1067595,11327],[1067592,11327],[1067589,11327],[1067586,11327],[1067583,11327],[1067580,11327],[1067577,11327],[1067574,11327],[1067571,11327],[1067568,11327],[1067565,11327],[1067562,11327],[1065774,11327],[1065771,11327],[1065768,11327],[1065765,11327],[1065762,11327],[1065759,11327],[1065756,11327],[1065753,11327],[1065750,11327],[1065747,11327],[1067691,11327],[1065744,11327],[1067559,11327],[1065606,11327],[1065603,11327],[1065600,11327],[1065597,11327],[1065594,11327],[1065591,11327],[1065588,11327],[1065585,11327],[1065582,11327],[1065579,11327],[1065576,11327],[1063851,11327],[1063848,11327],[1063845,11327],[1063842,11327],[1063839,11327],[1063836,11327],[1063833,11327],[1065777,11327],[1063830,11327],[1065573,11327],[1063620,11327],[1063617,11327],[1063614,11327],[1063611,11327],[1063608,11327],[1063605,11327],[1063602,11327],[1063599,11327],[1061922,11327],[1061919,11327],[1061916,11327],[1061913,11327],[1061910,11327],[1063854,11327],[1061907,11327],[1063596,11327],[1061643,11327],[1061640,11327],[1061637,11327],[1061634,11327],[1061631,11327],[1061628,11327],[1059993,11327],[1059990,11327],[1059987,11327],[1059984,11327],[1059981,11327],[1061925,11327],[1059978,11327],[1061625,11327],[1059672,11327],[1059669,11327],[1059666,11327],[1059663,11327],[1059660,11327],[1059657,11327],[1058058,11327],[1058055,11327],[1058052,11327],[1059996,11327],[1058049,11327],[1059654,11327],[1057701,11327],[1057698,11327],[1057695,11327],[1057692,11327],[1056126,11327],[1056123,11327],[1056120,11327],[1056117,11327],[1058061,11327],[1056114,11327],[1057689,11327],[1055736,11327],[1055733,11327],[1055730,11327],[1055727,11327],[1055724,11327],[1054188,11327],[1054185,11327],[1056129,11327],[1054182,11327],[1055721,11327],[1053768,11327],[1053765,11327],[1053762,11327],[1052253,11327],[1052250,11327],[1052247,11327],[1054191,11327],[1052244,11327],[1053759,11327],[1051806,11327],[1051803,11327],[1051800,11327],[1051797,11327],[1050315,11327],[1050312,11327],[1052256,11327],[1050309,11327],[1051794,11327],[1049841,11327],[1049838,11327],[1049835,11327],[1048377,11327],[1048374,11327],[1050318,11327],[1048371,11327],[1049832,11327],[1047879,11327],[1047876,11327],[1047873,11327],[1046439,11327],[1046436,11327],[1048380,11327],[1046433,11327],[1047870,11327],[1045917,11327],[1045914,11327],[1045911,11327],[1044501,11327],[1044498,11327],[1046442,11327],[1044495,11327],[1045908,11327],[1043955,11327],[1043952,11327],[1043949,11327],[1042560,11327],[1044504,11327],[1042557,11327],[1043946,11327],[1041993,11327],[1041990,11327],[1040622,11327],[1040619,11327],[1042563,11327],[1040616,11327],[1041987,11327],[1040034,11327],[1040031,11327],[1040028,11327],[1038681,11327],[1040625,11327],[1038678,11327],[1040025,11327],[1038072,11327],[1038069,11327],[1036740,11327],[1038684,11327],[1036737,11327],[1038066,11327],[1036113,11327],[1036110,11327],[1034799,11327],[1036743,11327],[1034796,11327],[1036107,11327],[1034154,11327],[1034151,11327],[1032858,11327],[1034802,11327],[1032855,11327],[1034148,11327],[1032195,11327],[1032192,11327],[1030917,11327],[1032861,11327],[1030914,11327],[1032189,11327],[1030236,11327],[1030233,11327],[1028976,11327],[1030920,11327],[1028973,11327],[1030230,11327],[1028277,11327],[1028274,11327],[1028979,11327],[1027032,11327],[1028271,11327],[1026318,11327],[1025091,11327],[1027035,11327],[1025088,11327],[1026315,11327],[1024362,11327],[1024359,11327],[1023150,11327],[1025094,11327],[1023147,11327],[1024356,11327],[1022403,11327],[1022400,11327],[1023153,11327],[1021206,11327],[1022397,11327],[1020444,11327],[1019265,11327],[1021209,11327],[1019262,11327],[1020441,11327],[1018488,11327],[1018485,11327],[1019268,11327],[1017321,11327],[1018482,11327],[1016529,11327],[1017324,11327],[1015377,11327],[1016526,11327],[1014573,11327],[1013436,11327],[1015380,11327],[1013433,11327],[1014570,11327],[1012617,11327],[1012614,11327],[1013439,11327],[1011492,11327],[1012611,11327],[1010658,11327],[1011495,11327],[1009548,11327],[1010655,11327],[1008702,11327],[1009551,11327],[1007604,11327],[1008699,11327],[1006746,11327],[1007607,11327],[1005660,11327],[1006743,11327],[1004790,11327],[1005663,11327],[1003716,11327],[1004787,11327],[1002834,11327],[1003719,11327],[1001772,11327],[1002831,11327],[1000878,11327],[1001775,11327],[999828,11327],[1000875,11327],[998922,11327],[999831,11327],[997884,11327],[998919,11327],[996966,11327],[997887,11327],[995940,11327],[996963,11327],[995010,11327],[995943,11327],[993996,11327],[995007,11327],[993054,11327],[993999,11327],[992052,11327],[993051,11327],[991098,11327],[992055,11327],[990108,11327],[991095,11327],[989142,11327],[990111,11327],[988164,11327],[989139,11327],[987186,11327],[988167,11327],[986220,11327],[987183,11327],[985230,11327],[986223,11327],[984276,11327],[982329,11327],[985227,11327],[983274,11327],[981321,11327],[982332,11327],[980385,11327],[981318,11327],[979365,11327],[980388,11327],[978441,11327],[979362,11327],[977409,11327],[978444,11327],[976497,11327],[974550,11327],[977406,11327],[975453,11327],[973500,11327],[974553,11327],[972606,11327],[973497,11327],[971544,11327],[972609,11327],[970662,11327],[968715,11327],[971541,11327],[969588,11327],[967635,11327],[968718,11327],[966771,11327],[964824,11327],[967632,11327],[965679,11327],[963726,11327],[964827,11327],[962880,11327],[960933,11327],[963723,11327],[961770,11327],[959817,11327],[960936,11327],[958989,11327],[957042,11327],[959814,11327],[957861,11327],[955908,11327],[957045,11327],[955098,11327],[953151,11327],[955905,11327],[953952,11327],[951999,11327],[953154,11327],[951207,11327],[949260,11327],[947313,11327],[951996,11327],[950043,11327],[948090,11327],[946137,11327],[947316,11327],[945369,11327],[943422,11327],[941475,11327],[946134,11327],[944181,11327],[942228,11327],[940275,11327],[941478,11327],[939531,11327],[937584,11327],[935637,11327],[940272,11327],[938319,11327],[936366,11327],[934413,11327],[935640,11327],[933693,11327],[931746,11327],[929799,11327],[927852,11327],[934410,11327],[932457,11327],[930504,11327],[928551,11327],[926598,11327],[927855,11327],[925908,11327],[923961,11327],[922014,11327],[920067,11327],[918120,11327],[926595,11327],[924642,11327],[922689,11327],[920736,11327],[918783,11327],[916830,11327],[918123,11327],[916827,11327],[916176,11327],[914874,11327],[914229,11327],[912921,11327],[912282,11327],[910335,11327],[908388,11327],[906441,11327],[904494,11327],[902547,11327],[910968,11327],[909015,11327],[907062,11327],[905109,11327],[903156,11327],[901203,11327],[902550,11327],[901200,11327],[900603,11327],[899247,11327],[898656,11327],[897294,11327],[896709,11327],[895341,11327],[894762,11327],[893388,11327],[892812,11327],[890865,11327],[888918,11327],[886971,11327],[885024,11327],[883077,11327],[891438,11327],[889485,11327],[887532,11327],[885579,11327],[883626,11327],[881673,11327],[881130,11327],[879720,11327],[879183,11327],[877767,11327],[877236,11327],[875814,11327],[875286,11327],[873339,11327],[871392,11327],[869445,11327],[867498,11327],[873864,11327],[871911,11327],[869958,11327],[868005,11327],[866052,11327],[865548,11327],[863601,11327],[861654,11327],[859707,11327],[857760,11327],[864102,11327],[862149,11327],[860196,11327],[858243,11327],[856290,11327],[855810,11327],[853863,11327],[851916,11327],[849969,11327],[854340,11327],[852387,11327],[850434,11327],[848481,11327],[848019,11327],[846072,11327],[844125,11327],[842178,11327],[846531,11327],[844578,11327],[842625,11327],[840672,11327],[840228,11327],[838281,11327],[836334,11327],[838722,11327],[836769,11327],[834816,11327],[834384,11327],[832437,11327],[830490,11327],[832866,11327],[830913,11327],[828960,11327],[828540,11327],[826593,11327],[824646,11327],[827010,11327],[825057,11327],[823104,11327],[822696,11327],[820749,11327],[818802,11327],[821154,11327],[819201,11327],[817248,11327],[816852,11327],[814905,11327],[812958,11327],[815298,11327],[813345,11327],[811392,11327],[811008,11327],[809061,11327],[809442,11327],[807489,11327],[807111,11327],[805164,11327],[803217,11327],[805539,11327],[803586,11327],[801633,11327],[801267,11327],[799320,11327],[799683,11327],[797730,11327],[797370,11327],[795423,11327],[793476,11327],[795780,11327],[793827,11327],[791874,11327],[791526,11327],[789579,11327],[789924,11327],[787971,11327],[787629,11327],[785682,11327],[786021,11327],[784068,11327],[783732,11327],[781785,11327],[782118,11327],[780165,11327],[779835,11327],[777888,11327],[778215,11327],[776262,11327],[775938,11327],[773991,11327],[774312,11327],[772359,11327],[772041,11327],[770094,11327],[770409,11327],[768456,11327],[768144,11327],[766197,11327],[766506,11327],[764553,11327],[764247,11327],[762300,11327],[762603,11327],[760650,11327],[760350,11327],[758403,11327],[758700,11327],[756747,11327],[756453,11327],[754506,11327],[754797,11327],[752844,11327],[752556,11327],[750894,11327],[750606,11327],[748659,11327],[748944,11327],[746991,11327],[746709,11327],[744762,11327],[745041,11327],[743088,11327],[742812,11327],[740865,11327],[741138,11327],[739185,11327],[738915,11327],[737235,11327],[736965,11327],[735018,11327],[735285,11327],[733332,11327],[733068,11327],[731121,11327],[731382,11327],[729429,11327],[729171,11327],[727479,11327],[727221,11327],[725274,11327],[725529,11327],[723576,11327],[723324,11327],[721626,11327],[721374,11327],[719427,11327],[719676,11327],[717723,11327],[717477,11327],[715530,11327],[715773,11327],[713820,11327],[713580,11327],[711870,11327],[711630,11327],[709683,11327],[709920,11327],[707967,11327],[707733,11327],[706017,11327],[705783,11327],[703836,11327],[704067,11327],[702114,11327],[701886,11327],[700164,11327],[699936,11327],[697989,11327],[698214,11327],[696261,11327],[696039,11327],[694311,11327],[694089,11327],[692361,11327],[692139,11327],[690192,11327],[690411,11327],[688458,11327],[688242,11327],[686508,11327],[686292,11327],[684345,11327],[684558,11327],[682605,11327],[682395,11327],[680655,11327],[680445,11327],[678705,11327],[678495,11327],[676548,11327],[676755,11327],[674802,11327],[674598,11327],[672852,11327],[672648,11327],[670902,11327],[670698,11327],[668751,11327],[668952,11327],[666999,11327],[666801,11327],[665049,11327],[664851,11327],[663099,11327],[662901,11327],[660954,11327],[661149,11327],[659196,11327],[659004,11327],[657246,11327],[657054,11327],[655296,11327],[655104,11327],[653346,11327],[653154,11327],[651207,11327],[651396,11327],[649443,11327],[649257,11327],[647493,11327],[647307,11327],[645543,11327],[645357,11327],[643593,11327],[643407,11327],[641460,11327],[641643,11327],[639690,11327],[639510,11327],[637740,11327],[637560,11327],[635790,11327],[635610,11327],[633840,11327],[633660,11327],[631890,11327],[631710,11327],[629763,11327],[629940,11327],[627987,11327],[627813,11327],[626037,11327],[625863,11327],[624087,11327],[623913,11327],[622137,11327],[621963,11327],[620187,11327],[620013,11327],[618237,11327],[618063,11327],[616287,11327],[616113,11327],[614166,11327],[614337,11327],[612384,11327],[612216,11327],[610434,11327],[610266,11327],[608484,11327],[608316,11327],[606534,11327],[606366,11327],[604584,11327],[604416,11327],[602634,11327],[602466,11327],[600684,11327],[600516,11327],[598734,11327],[598566,11327],[596784,11327],[596616,11327],[594669,11327],[594834,11327],[592881,11327],[592719,11327],[590931,11327],[590769,11327],[588981,11327],[588819,11327],[587031,11327],[586869,11327],[585081,11327],[584919,11327],[583131,11327],[582969,11327],[581181,11327],[581019,11327],[579231,11327],[579069,11327],[577281,11327],[577119,11327],[575331,11327],[575169,11327],[573381,11327],[573219,11327],[571431,11327],[571269,11327],[569481,11327],[569319,11327],[567531,11327],[567369,11327],[565581,11327],[565419,11327],[563631,11327],[563469,11327],[561681,11327],[561519,11327],[559731,11327],[559569,11327],[557781,11327],[557619,11327],[555831,11327],[555669,11327],[553881,11327],[553719,11327],[551931,11327],[551769,11327],[549981,11327],[549819,11327],[548031,11327],[547869,11327],[546081,11327],[545919,11327],[544131,11327],[543969,11327],[542181,11327],[542019,11327],[540231,11327],[540069,11327],[538281,11327],[538119,11327],[536331,11327],[536169,11327],[534381,11327],[534219,11327],[532431,11327],[532269,11327],[530481,11327],[530319,11327],[528531,11327],[528369,11327],[526581,11327],[526419,11327],[524631,11327],[524469,11327],[522516,11327],[522681,11327],[520734,11327],[520566,11327],[518784,11327],[518616,11327],[516834,11327],[516666,11327],[514884,11327],[514716,11327],[512934,11327],[512766,11327],[510984,11327],[510816,11327],[509034,11327],[508866,11327],[507084,11327],[506916,11327],[505134,11327],[504966,11327],[503013,11327],[503184,11327],[501237,11327],[501063,11327],[499287,11327],[499113,11327],[497337,11327],[497163,11327],[495387,11327],[495213,11327],[493437,11327],[493263,11327],[491487,11327],[491313,11327],[489537,11327],[489363,11327],[487410,11327],[487587,11327],[485640,11327],[485460,11327],[483690,11327],[483510,11327],[481740,11327],[481560,11327],[479790,11327],[479610,11327],[477840,11327],[477660,11327],[475707,11327],[475890,11327],[473943,11327],[473757,11327],[471993,11327],[471807,11327],[470043,11327],[469857,11327],[468093,11327],[467907,11327],[465954,11327],[466143,11327],[464196,11327],[464004,11327],[462246,11327],[462054,11327],[460296,11327],[460104,11327],[458346,11327],[458154,11327],[456201,11327],[456396,11327],[454449,11327],[454251,11327],[452499,11327],[452301,11327],[450549,11327],[450351,11327],[448398,11327],[448599,11327],[446652,11327],[446448,11327],[444702,11327],[444498,11327],[442752,11327],[442548,11327],[440595,11327],[440802,11327],[438855,11327],[438645,11327],[436905,11327],[436695,11327],[434955,11327],[434745,11327],[432792,11327],[433005,11327],[431058,11327],[430842,11327],[429108,11327],[428892,11327],[426939,11327],[427158,11327],[425211,11327],[424989,11327],[423261,11327],[423039,11327],[421311,11327],[421089,11327],[419136,11327],[419361,11327],[417414,11327],[417186,11327],[415464,11327],[415236,11327],[413283,11327],[413514,11327],[411567,11327],[411333,11327],[409617,11327],[409383,11327],[407430,11327],[407667,11327],[405720,11327],[405480,11327],[403770,11327],[403530,11327],[401577,11327],[401820,11327],[399873,11327],[399627,11327],[397674,11327],[397923,11327],[395976,11327],[395724,11327],[394026,11327],[393774,11327],[391821,11327],[392076,11327],[390129,11327],[389871,11327],[388179,11327],[387921,11327],[385968,11327],[386229,11327],[384282,11327],[384018,11327],[382065,11327],[382332,11327],[380385,11327],[380115,11327],[378435,11327],[378165,11327],[376212,11327],[376485,11327],[374538,11327],[374262,11327],[372309,11327],[372588,11327],[370641,11327],[370359,11327],[368406,11327],[368691,11327],[366744,11327],[366456,11327],[364794,11327],[364506,11327],[362553,11327],[362844,11327],[360897,11327],[360603,11327],[358650,11327],[358947,11327],[357000,11327],[356700,11327],[354747,11327],[355050,11327],[353103,11327],[352797,11327],[350844,11327],[351153,11327],[349206,11327],[348894,11327],[346941,11327],[347256,11327],[345309,11327],[344991,11327],[343038,11327],[343359,11327],[341412,11327],[341088,11327],[339135,11327],[339462,11327],[337515,11327],[337185,11327],[335232,11327],[335565,11327],[333618,11327],[333282,11327],[331329,11327],[331668,11327],[329721,11327],[329379,11327],[327426,11327],[327771,11327],[325824,11327],[325476,11327],[323523,11327],[321570,11327],[323874,11327],[321927,11327],[319980,11327],[319620,11327],[317667,11327],[318030,11327],[316083,11327],[315717,11327],[313764,11327],[311811,11327],[314133,11327],[312186,11327],[310239,11327],[309861,11327],[307908,11327],[308289,11327],[306342,11327],[305958,11327],[304005,11327],[302052,11327],[304392,11327],[302445,11327],[300498,11327],[300102,11327],[298149,11327],[296196,11327],[298548,11327],[296601,11327],[294654,11327],[294246,11327],[292293,11327],[290340,11327],[292704,11327],[290757,11327],[288810,11327],[288390,11327],[286437,11327],[284484,11327],[286860,11327],[284913,11327],[282966,11327],[282534,11327],[280581,11327],[278628,11327],[281016,11327],[279069,11327],[277122,11327],[276678,11327],[274725,11327],[272772,11327],[270819,11327],[275172,11327],[273225,11327],[271278,11327],[269331,11327],[268869,11327],[266916,11327],[264963,11327],[263010,11327],[267381,11327],[265434,11327],[263487,11327],[261540,11327],[261060,11327],[259107,11327],[257154,11327],[255201,11327],[253248,11327],[259590,11327],[257643,11327],[255696,11327],[253749,11327],[251802,11327],[249852,11327],[251298,11327],[249345,11327],[247392,11327],[245439,11327],[243486,11327],[247902,11327],[245955,11327],[244008,11327],[242061,11327],[240114,11327],[241536,11327],[239583,11327],[238167,11327],[236220,11327],[234273,11327],[237630,11327],[235677,11327],[233724,11327],[231771,11327],[229818,11327],[227865,11327],[225912,11327],[223962,11327],[222009,11327],[220056,11327],[218103,11327],[216150,11327],[214197,11327],[214194,11327],[212241,11327],[210288,11327],[208335,11327],[206382,11327],[204429,11327],[202476,11327],[200523,11327],[200520,11327],[198567,11327],[196614,11327],[194661,11327],[192708,11327],[190755,11327],[190752,11327],[188799,11327],[186846,11327],[184893,11327],[182940,11327],[182937,11327],[180984,11327],[179031,11327],[177078,11327],[177075,11327],[175122,11327],[173169,11327],[171216,11327],[171213,11327],[169260,11327],[167307,11327],[165354,11327],[165351,11327],[163398,11327],[155583,11327],[159489,11327],[157536,11327],[149721,11327],[153627,11327],[151674,11327],[149718,11327],[149715,11327],[147762,11327],[145809,11327],[145806,11327],[143853,11327],[139944,11327],[142800,11327],[140853,11327],[140847,11327],[138906,11327],[139941,11327],[137988,11327],[136035,11327],[134082,11327],[138909,11327],[136962,11327],[134079,11327],[132132,11327],[132126,11327],[136965,11327],[135018,11327],[135021,11327],[133074,11327],[131127,11327],[132120,11327],[130173,11327],[130167,11327],[131130,11327],[129183,11327],[130164,11327],[128211,11327],[129186,11327],[127239,11327],[128208,11327],[126255,11327],[127242,11327],[125295,11327],[126252,11327],[124299,11327],[125298,11327],[123351,11327],[124296,11327],[122343,11327],[123354,11327],[121407,11327],[122340,11327],[120387,11327],[121410,11327],[119463,11327],[120384,11327],[118431,11327],[119466,11327],[117519,11327],[118428,11327],[116475,11327],[117522,11327],[115575,11327],[116472,11327],[114519,11327],[111684,11327],[115578,11327],[113631,11327],[114516,11327],[112563,11327],[112560,11327],[110607,11327],[111690,11327],[109743,11327],[110604,11327],[108651,11327],[109746,11327],[107799,11327],[108648,11327],[106695,11327],[107802,11327],[105855,11327],[106692,11327],[104739,11327],[105858,11327],[103911,11327],[104736,11327],[96921,11327],[98874,11327],[100827,11327],[104733,11327],[102780,11327],[103917,11327],[101970,11327],[103914,11327],[96918,11327],[94965,11327],[101973,11327],[100026,11327],[98079,11327],[98088,11327],[96141,11327],[98085,11327],[96132,11327],[96144,11327],[94197,11327],[90309,11327],[94203,11327],[92256,11327],[94200,11327],[92991,11327],[91044,11327],[89097,11327],[87150,11327],[92988,11327],[91035,11327],[84474,11327],[86421,11327],[90315,11327],[88368,11327],[88362,11327],[91032,11327],[89079,11327],[89076,11327],[89073,11327],[87120,11327],[83208,11327],[87114,11327],[85167,11327],[85161,11327],[86436,11327],[84489,11327],[82527,11327],[86433,11327],[84480,11327],[79299,11327],[83205,11327],[81252,11327],[82548,11327],[84492,11327],[82545,11327],[82554,11327],[80607,11327],[82551,11327],[79296,11327],[81240,11327],[79287,11327],[77334,11327],[80613,11327],[78666,11327],[78660,11327],[79278,11327],[77331,11327],[77325,11327],[78672,11327],[76725,11327],[78669,11327],[77322,11327],[77319,11327],[77316,11327],[75363,11327],[76734,11327],[74787,11327],[76731,11327],[76728,11327],[75360,11327],[75357,11327],[73404,11327],[74793,11327],[72846,11327],[74790,11327],[73401,11327],[73398,11327],[73395,11327],[71442,11327],[72855,11327],[70908,11327],[72852,11327],[72849,11327],[71439,11327],[71436,11327],[71433,11327],[69480,11327],[70911,11327],[68964,11327],[67017,11327],[61176,11327],[65070,11327],[63123,11327],[53376,11327],[59229,11327],[57282,11327],[55329,11327],[69477,11327],[69474,11327],[69471,11327],[67518,11327],[67515,11327],[67512,11327],[67509,11327],[65556,11327],[53403,11327],[51456,11327],[49509,11327],[47556,11327],[65553,11327],[65550,11327],[65547,11327],[65544,11327],[63591,11327],[63588,11327],[63585,11327],[63582,11327],[61629,11327],[61626,11327],[61623,11327],[61620,11327],[61617,11327],[61614,11327],[59661,11327],[61236,11327],[59289,11327],[61233,11327],[55371,11327],[57324,11327],[61230,11327],[59277,11327],[59658,11327],[59655,11327],[59652,11327],[59649,11327],[57696,11327],[55401,11327],[59295,11327],[57348,11327],[59292,11327],[57693,11327],[57690,11327],[57687,11327],[57684,11327],[57681,11327],[57678,11327],[55725,11327],[57372,11327],[55425,11327],[57369,11327],[57366,11327],[55413,11327],[57357,11327],[55410,11327],[55404,11327],[55722,11327],[55719,11327],[55716,11327],[55713,11327],[55710,11327],[55707,11327],[53754,11327],[55443,11327],[53496,11327],[55440,11327],[55437,11327],[55434,11327],[55431,11327],[53478,11327],[53751,11327],[53748,11327],[53745,11327],[53742,11327],[53739,11327],[53736,11327],[53733,11327],[53730,11327],[51777,11327],[53520,11327],[51573,11327],[53517,11327],[53514,11327],[53511,11327],[53508,11327],[53505,11327],[53502,11327],[53499,11327],[51774,11327],[51771,11327],[51768,11327],[51765,11327],[51762,11327],[51759,11327],[51756,11327],[51753,11327],[51750,11327],[51744,11327],[49797,11327],[49791,11327],[51606,11327],[49659,11327],[51603,11327],[51600,11327],[51597,11327],[51594,11327],[51591,11327],[51588,11327],[51585,11327],[51582,11327],[51579,11327],[51576,11327],[49785,11327],[47838,11327],[47832,11327],[45879,11327],[49773,11327],[47826,11327],[49764,11327],[49761,11327],[49758,11327],[49755,11327],[49752,11327],[49749,11327],[49746,11327],[49743,11327],[49740,11327],[49737,11327],[49734,11327],[49731,11327],[49728,11327],[49725,11327],[49722,11327],[49719,11327],[49716,11327],[49713,11327],[49710,11327],[49707,11327],[49704,11327],[49701,11327],[49695,11327],[47748,11327],[49692,11327],[49689,11327],[49686,11327],[49683,11327],[49680,11327],[49677,11327],[49674,11327],[49671,11327],[49668,11327],[49665,11327],[49662,11327],[183627,11327],[181674,11327],[187521,11327],[185574,11327],[183591,11327],[185538,11327],[181644,11327],[179697,11327],[177750,11327],[175803,11327],[173856,11327],[169962,11327],[125199,11327],[131037,11327],[127143,11327],[125196,11327],[125202,11327],[121308,11327],[61806,11327],[69624,11327],[48105,11327],[50058,11327],[41649,11327],[39702,11327],[28038,11327],[28035,11327],[29982,11327],[33873,11327],[35820,11327],[37767,11327],[39714,11327],[28050,11327],[26097,11327],[28041,11327],[24159,11327],[26106,11327],[28053,11327],[187518,11327],[181671,11327],[47817,11327],[47820,11327],[45888,11327],[53421,11327],[47553,11327],[53400,11327],[53373,11327],[59226,11327],[79293,11327],[93015,11327],[109737,11327],[138897,11327],[141903,11327],[153630,11327],[151683,11327],[159492,11327],[153633,11327],[159495,11327],[161448,11327],[173172,11327],[224532,11327],[228426,11327],[226479,11327],[55899,11327],[197256,11327],[26118,11327],[30003,11327],[26112,11327],[29991,11327],[28047,11327],[30000,11327],[39717,11327],[41652,11327],[43599,11327],[52008,11327],[48102,11327],[67668,11327],[69621,11327],[63756,11327],[121311,11327],[123258,11327],[125205,11327],[129093,11327],[131040,11327],[132984,11327],[169965,11327],[171912,11327],[173859,11327],[189447,11327],[187491,11327],[191397,11327],[70821,11327],[193359,11327],[127182,11327],[70818,11327],[152478,11327],[133038,11327],[131085,11327],[150528,11327],[133041,11327],[131094,11327],[41715,11327],[39768,11327],[35874,11327],[33921,11327],[125226,11327],[149736,11327],[55902,11327],[123273,11327],[131058,11327],[129105,11327],[151686,11327],[132999,11327],[131052,11327],[31965,11327],[30018,11327],[30012,11327],[232320,11327],[228423,11327],[222582,11327],[220635,11327],[139950,11327],[137997,11327],[136947,11327],[132135,11327],[128232,11327],[120426,11327],[109734,11327],[89112,11327],[87159,11327],[85206,11327],[85197,11327],[63117,11327],[53370,11327],[59223,11327],[53397,11327],[47550,11327],[181668,11327],[187515,11327],[193347,11327],[189441,11327],[187497,11327],[169968,11327],[134934,11327],[125208,11327],[121314,11327],[123261,11327],[121317,11327],[63753,11327],[67665,11327],[69618,11327],[48099,11327],[48096,11327],[45549,11327],[47496,11327],[43602,11327],[31935,11327],[35826,11327],[29997,11327],[28062,11327],[30006,11327],[28068,11327],[187512,11327],[181665,11327],[43938,11327],[51474,11327],[47547,11327],[53394,11327],[72777,11327],[83256,11327],[81309,11327],[79368,11327],[79362,11327],[93021,11327],[93024,11327],[130185,11327],[134997,11327],[230370,11327],[31944,11327],[31947,11327],[41670,11327],[33885,11327],[45552,11327],[47499,11327],[50046,11327],[53955,11327],[69615,11327],[67644,11327],[63750,11327],[121320,11327],[136884,11327],[169971,11327],[191391,11327],[193344,11327],[195279,11327],[234261,11327],[218682,11327],[171966,11327],[170019,11327],[168072,11327],[166125,11327],[139974,11327],[149733,11327],[133047,11327],[128235,11327],[122379,11327],[83247,11327],[83244,11327],[72774,11327],[77361,11327],[77358,11327],[55317,11327],[49524,11327],[40032,11327],[45594,11327],[43641,11327],[199176,11327],[197229,11327],[195282,11327],[185550,11327],[181656,11327],[179709,11327],[169974,11327],[168036,11327],[138834,11327],[127161,11327],[125214,11327],[65700,11327],[67647,11327],[69612,11327],[51996,11327],[47502,11327],[35832,11327],[37779,11327],[43620,11327],[33897,11327],[31959,11327],[173883,11327],[156375,11327],[154428,11327],[168051,11327],[69603,11327],[136911,11327],[212832,11327],[205029,11327],[160278,11327],[47544,11327],[38082,11327],[51441,11327],[65634,11327],[69546,11327],[69549,11327],[67602,11327],[72771,11327],[83250,11327],[91074,11327],[126282,11327],[131097,11327],[149739,11327],[162228,11327],[164175,11327],[171963,11327],[171960,11327],[216732,11327],[226461,11327],[234258,11327],[243987,11327],[31971,11327],[33909,11327],[35856,11327],[35847,11327],[43623,11327],[47505,11327],[53946,11327],[69609,11327],[134949,11327],[140784,11327],[144678,11327],[169980,11327],[169986,11327],[169977,11327],[183606,11327],[185553,11327],[201126,11327],[247887,11327],[242037,11327],[224511,11327],[214782,11327],[171957,11327],[170004,11327],[129147,11327],[126285,11327],[83253,11327],[81306,11327],[72780,11327],[70845,11327],[65649,11327],[67596,11327],[51438,11327],[43668,11327],[47574,11327],[45621,11327],[203076,11327],[197235,11327],[195288,11327],[185556,11327],[181662,11327],[169983,11327],[148575,11327],[146628,11327],[144681,11327],[142734,11327],[136899,11327],[133008,11327],[121332,11327],[121335,11327],[67653,11327],[69600,11327],[69606,11327],[66909,11327],[55896,11327],[47508,11327],[37803,11327],[37800,11327],[35877,11327],[45651,11327],[39771,11327],[45639,11327],[45588,11327],[55314,11327],[118473,11327],[120429,11327],[127197,11327],[129144,11327],[139977,11327],[203097,11327],[201150,11327],[245937,11327],[37827,11327],[45576,11327],[47511,11327],[59145,11327],[61092,11327],[57846,11327],[66912,11327],[123285,11327],[123282,11327],[125229,11327],[134958,11327],[138849,11327],[171933,11327],[197238,11327],[266940,11327],[203094,11327],[199200,11327],[186882,11327],[173895,11327],[177789,11327],[175842,11327],[175836,11327],[158325,11327],[127194,11327],[129135,11327],[118476,11327],[87180,11327],[87177,11327],[84426,11327],[75447,11327],[75444,11327],[72768,11327],[76662,11327],[76659,11327],[63684,11327],[63681,11327],[51420,11327],[49467,11327],[49485,11327],[45585,11327],[39813,11327],[199188,11327],[187509,11327],[125232,11327],[123288,11327],[61095,11327],[47517,11327],[47514,11327],[45579,11327],[32028,11327],[32025,11327],[32229,11327],[35928,11327],[37860,11327],[49482,11327],[51423,11327],[51426,11327],[63687,11327],[65655,11327],[70827,11327],[79356,11327],[118479,11327],[125247,11327],[169998,11327],[171945,11327],[197250,11327],[203091,11327],[210879,11327],[240087,11327],[266943,11327],[33975,11327],[33978,11327],[39774,11327],[45582,11327],[61098,11327],[63705,11327],[69585,11327],[73497,11327],[73500,11327],[73503,11327],[77412,11327],[77415,11327],[77418,11327],[79371,11327],[140802,11327],[168048,11327],[184932,11327],[186885,11327],[189459,11327],[194697,11327],[201138,11327],[206979,11327],[242034,11327],[208929,11327],[195303,11327],[195300,11327],[191409,11327],[140808,11327],[140805,11327],[138861,11327],[77409,11327],[73494,11327],[68874,11327],[63702,11327],[49479,11327],[37863,11327],[35925,11327],